# callgrind format
version: 1
creator: callgrind-3.22.0
pid: 18140
cmd:  ./main
part: 1


desc: I1 cache: 
desc: D1 cache: 
desc: LL cache: 

desc: Timerange: Basic block 0 - 100359075
desc: Trigger: Program termination

positions: line
events: Ir
summary: 385802833


ob=(2) /usr/lib/x86_64-linux-gnu/libc.so.6
fl=(176) ./malloc/./malloc/morecore.c
fn=(588) __glibc_morecore
25 8
+1 16
-1 16
+4 8
cfi=(177) ./misc/./misc/sbrk.c
cfn=(590) sbrk
calls=8 +8 
* 311
+1 16
+4 16

fl=(178) ./misc/../sysdeps/unix/sysv/linux/brk.c
fn=(592) brk
36 8
fi=(220) ./misc/../sysdeps/unix/sysv/linux/brk_call.h
-12 16
fe=(178)
+13 16
+1 16
+6 8
+1 8

fl=(90) ./wcsmbs/../sysdeps/x86_64/multiarch/wcslen.c
fn=(298) wcslen
29 1
fi=(87) ./wcsmbs/../sysdeps/x86_64/multiarch/ifunc-wcslen.h
+12 2
-1 4
+2 3
+3 2
+4 3
+3 3
fe=(90)
-23 1

fl=(132) ./string/../sysdeps/x86_64/multiarch/memmove.c
fn=(412) memmove
29 1
fi=(98) ./string/../sysdeps/x86_64/multiarch/ifunc-memmove.h
+28 3
-1 2
+4 3
+14 2
+3 2
+8 2
+8 2
+3 5
fe=(132)

fl=(153) ./nptl/../sysdeps/unix/sysv/linux/x86/elision-conf.c
fn=(476) __lll_elision_init
92 2
+4 1
-4 2
+4 2
-4 1
+4 1
-4 3
+4 1
cob=(3) ???
cfi=(152) ???
cfn=(474) 0x000000000487a720
calls=1 -96 
* 26
+2 4
cob=(3)
cfi=(152)
cfn=(474)
calls=1 -98 
* 26
+2 4
cob=(3)
cfi=(152)
cfn=(474)
calls=1 0 
* 26
+2 4
cob=(3)
cfi=(152)
cfn=(474)
calls=1 0 
* 26
+2 4
cob=(3)
cfi=(152)
cfn=(474)
calls=1 0 
* 26
+3 3
+1 1
+1 6

fl=(183) ./stdlib/../stdlib/strtol_l.c
fn=(612) ____strtol_l_internal
238 227120
+54 45424
-54 45424
+19 45424
-19 181696
+14 45424
-14 136272
+26 90848
+31 181696
+9 272546
+1 1
-1 3
+2 90848
+5 90848
-1 45424
+6 90848
+4 90848
+15 90848
+10 181696
-87 90848
395 45424
+56 227120
+26 45424
+1 45424
-84 45424
-1 45424
+96 90848
-5 334838
+5 167419
+1 502257
-41 334838
+2 669676
+2 502260
+7 2
+17 2
+4 502257
+3 334838
+11 90848
+5 136272
+1 2
+5 90848
+3 45424
+15 45424
-15 90848
-2 90848
+39 363392
342 90848

fl=(161) ./csu/../csu/libc-start.c
fn=(522) __libc_start_main@@GLIBC_2.34
242 13
+69 3
+1 3
cfi=(162) ./stdlib/./stdlib/cxa_atexit.c
cfn=(524) __cxa_atexit
calls=1 67 
* 72
+25 6
+6 2
-3 2
+10 2
cob=(3)
cfi=(152)
cfn=(538) 0x000000000487a7b0
calls=1 0 
* 7
+2 2
+8 4
cfi=(163) ./csu/../sysdeps/nptl/libc_start_call_main.h
cfn=(542) (below main)
calls=1 29 
* 385647473
128 2
+6 3
+1 6
cob=(3)
cfi=(152)
cfn=(528) 0x0000000000109000
calls=1 0 
* 7
* 1
+3 1
+1 2
+3 2
+1 2
-1 1
+2 7
+1 4
cob=(5) /home/fpiazza/Desktop/fpiazza-api/main
cfi=(160) ???
cfn=(532) 0x0000000000001320
calls=1 0 
* 12
-1 4

fl=(199) ./stdio-common/./stdio-common/vfprintf-internal.c
fn=(720) __vfprintf_internal
1522 3900
+3 1500
+4 1500
+11 600
+27 3300
-42 600
+18 1200
cfi=(200) ./stdio-common/./stdio-common/printf_buffer_to_file.c
cfn=(722) __printf_buffer_to_file_init
calls=300 108 
* 6600
+1 1500
cfn=(726) __printf_buffer
calls=300 600 
* 403376
+1 600
cfi=(200)
cfn=(742) __printf_buffer_to_file_done
calls=300 117 
* 16500
* 300

fn=(726)
600 3600
fi=(221) ./stdio-common/./stdio-common/printf-parse.h
82 300
fe=(199)
600 600
fi=(221)
82 300
fe=(199)
600 300
+27 900
+11 300
-11 300
+11 300
-11 300
+11 600
fi=(221)
82 300
cob=(3)
cfi=(152)
cfn=(728) 0x000000000487a590
calls=300 -82 
* 6300
fe=(199)
653 600
+1 300
fi=(221)
82 600
fe=(199)
654 300
-1 300
cfi=(202) ./stdio-common/./stdio-common/Xprintf_buffer_write.c
cfn=(732) __printf_buffer_write
calls=300 27 
* 5700
+2 900
+4 600
+4 2400
-32 300
973 300
642 300
973 600
634 300
+71 4800
1044 3300
705 2400
-13 1200
+7 1200
+6 2400
-14 1200
-4 1200
+18 1200
-10 1200
+10 1200
-7 1200
-4 1200
+11 2400
-19 1200
-1 1200
+20 1200
-12 1200
-9 1200
-1 1200
+22 1200
-15 2400
1024 1200
fi=(221)
82 1200
fe=(199)
1018 1200
fi=(221)
82 2400
cob=(3)
cfi=(152)
cfn=(728)
calls=1200 -82 
* 25200
fe=(199)
1028 2400
+1 1200
fi=(221)
82 1200
fe=(199)
1029 1200
-1 1200
cfi=(202)
cfn=(732)
calls=1200 27 
* 67871
+3 5100
fi=(203) ./stdio-common/./stdio-common/vfprintf-process-arg.c
501 1200
cfi=(202)
cfn=(732)
calls=300 27 
* 16400
+1 300
-11 300
-88 2400
+19 600
-14 600
+47 900
-33 1200
+8 600
136 1800
+19 11700
cfi=(204) ./stdio-common/./stdio-common/_itoa.c
cfn=(736) _itoa_word
calls=900 +14 
* 43122
+11 1800
-11 1800
+11 3600
-5 7200
+25 4500
+15 1800
-4 2700
+2 2700
+2 1800
+7 900
-2 1800
+2 2700
+3 1800
+13 1800
fi=(205) ./stdio-common/../include/printf_buffer.h
-61 1800
fi=(203)
+70 1800
+3 1800
136 900
+2 1800
-71 900
-18 900
-1 1800
201 2700
58 1800
-23 900
+22 1800
161 900
+9 1800
+17 900
+8 900
-8 900
+12 900
-12 900
+8 3600
-8 5400
+53 3600
cfi=(202)
cfn=(732)
calls=900 27 
* 50983
* 900
fi=(205)
-77 1800
fi=(203)
50 1800
+2 1800
+1 7200
435 600
cob=(3)
cfi=(152)
cfn=(694) 0x000000000487a500
calls=300 0 
* 4800
* 600
fe=(199)

fl=(149) ./resource/../sysdeps/unix/sysv/linux/getrlimit64.c
fn=(468) getrlimit
38 2
+1 7
+1 1

fl=(173) ./malloc/./malloc/malloc.c
fn=(594) alloc_perturb
1985 62121
+2 20707

fn=(704) _int_free
4495 36974
+4 15846
+6 21128
+1 10564
+4 26410
+8 21128
-1 10564
+1 10564
+29 5281
-20 5281
-6 5281
+6 10562
+20 21124
1792 4522
4561 9044
+11 16912
+2 12684
1992 4228
4593 4228
1992 8456
4595 4228
+1 4228
+4 8456
+2 4228
-2 4228
+2 4228
+4 8456
+2 12684
+1 4228
+19 16796
+30 29928
-21 588
+3 588
+18 294
-12 294
+12 1176
-12 294
cfn=(746) _int_free_merge_chunk
calls=294 +19 
* 52350
3163 760
+4 760
-4 760
+2 3040
+1 760
+1 760
4550 760

fn=(706) malloc_consolidate
4811 7
+17 7
-17 35
+28 7
-28 21
+15 7
+2 7
+13 14
+1 14
-1 126
+1 126
+62 210
+1 56
-31 640
+4 472
+2 236
+1 472
+1 472
+2 472
-4 84
+1 168
+1 168
+2 168
+5 320
+2 320
-2 640
+3 320
+9 958
-56 640
+4 960
+1 1280
+8 320
-3 640
+3 320
-3 320
+4 320
-4 320
+5 320
-5 320
+5 640
+2 640
+1 46
+2 46
-1 46
+2 184
+2 322
cfn=(750) unlink_chunk.isra.0
calls=46 1608 
* 966
* 230
+3 640
+4 84
+1 252
+16 168
-16 84
cfn=(750)
calls=84 1608 
* 1764
* 336

fn=(574) malloc
3294 203896
+7 50974
1326 50972
+19 127435
3311 50974
+2 101948
+3 50972
+10 42642
+28 127926
3248 4
cfn=(584) tcache_init.part.0
calls=1 -6 
* 473
+68 2
+2 76455
3178 8332
+4 8332
+4 4166
+4 4166
-4 12498
+4 4166
+1 4166
3354 24996
-26 85284
cfn=(586) _int_malloc
calls=21321 3846 
* 3103601
+1 106605
fi=(174) ./malloc/./malloc/arena.c
153 42642
264 1
cfn=(578) ptmalloc_init.part.0
calls=1 -2 
* 1151
fe=(173)
1326 2

fn=(746)
4665 1470
+1 294
-1 882
+5 1764
+3 588
+5 879
+3 586
+1 586
+1 586
1992 879
4689 586
+2 165
+2 165
-1 165
+2 660
+2 330
cfn=(750)
calls=165 1608 
* 3582
+18 586
+6 582
+4 171
+9 171
-1 171
+1 513
+1 342
-1 120
-1 120
+1 360
+1 240
+2 291
+2 582
+5 291
+1 291
+2 873
+1 291
-45 291
-1 582
+1 1746
-1 291
cfn=(748) _int_free_maybe_consolidate
calls=291 +69 
* 6984
+1 2
-1 4
+1 12
-1 2
cfn=(748)
calls=2 +69 
* 17123
+39 195
+16 2
+1 6
+1 4
-37 120
+1 120
-1 120
cfn=(750)
calls=120 1608 
* 2592
+1 120
-47 882
-2 588
+3 2
cfn=(762) malloc_printerr
calls=1 5770 
* 400

fn=(586)
3846 234542
1326 42644
+19 127932
3887 42644
1794 21322
3914 42644
+65 39936
-63 79872
+3 19968
+2 39936
+2 1026
-6 513
+9 1026
+1 2565
+5 1026
+1 1026
+7 513
-1 1026
+1 2565
+5 1026
3165 513
3945 513
+1 1026
+5 20370
3165 3395
-2 3395
+4 3395
-2 3395
3945 3395
3163 3395
+3 3395
+1 3395
3946 17122
+2 6790
+2 6790
+27 2708
+62 20
+1 6
+20 20805
-1 20805
-1 20805
+1 41610
+1 41610
-2 41608
+12 104025
-1 6
+4 6
+1 3
+2 6
-3 388
+1 194
+2 388
+1 591
+2 197
+1 788
+2 788
-10 197
+12 394
+1 394
+2 394
+11 400
+29 196
+1 196
+4 392
+29 392
+8 17
+1 1
+1 1
-1 1
+4 2
-4 1
+1 1
-1 1
+4 2
3980 20807
+2 20807
-2 20807
+2 41614
+2 4
+1 8
+6 4
-4 4
+1 4
+1 4
+2 8
+7 16
-1 8
+1 8
+5 89
+1 48
+2 46
-76 58365
1985 1539
4487 255864
1985 4
4020 4
1985 8
4163 390
+1 585
+1 195
-1 195
+57 390
+9 195
-9 390
+9 195
-9 585
+1 195
+1 195
+1 195
+1 195
+6 390
-10 4
+9 2
-9 4
+9 2
-9 6
+1 2
+1 2
+1 2
+1 2
+6 4
4070 591
4246 6
+11 62418
+2 6
+3 2
-3 2
+3 4
+1 20806
+71 62418
-4 20806
+1 20806
+1 20806
-1 20806
+1 20806
+1 41612
+1 62418
+5 62418
-9 5
+1 5
+1 5
-1 5
+1 5
+1 10
+1 15
+5 20731
+16 5
+2 10
-4 208
+8 99
+3 198
+2 1
+1 1
+1 1
-2 4
-27 1
-99 788
4099 6
+2 1
-1 2
+27 1
+1 1
+4 2
+29 3
+8 5
4008 23
+1 23
+1 46
3159 23
4012 23
3167 23
-8 23
+4 23
4013 23
3163 23
+2 92
+1 23
+2 23
-2 23
+1 23
+1 23
4218 2
-48 2
+48 6
4343 62139
+3 82844
-3 62133
+3 82844
-3 62133
+3 82840
-3 41420
4443 20713
+1 41426
+2 41426
+3 62139
+17 52
+2 12
cfn=(706)
calls=6 4811 
* 1706
+2 18
4070 6
4471 6
4070 6
4471 6
4070 1368
-91 8112
4373 392
+3 196
+2 98
+3 196
-3 196
+3 98
cfn=(750)
calls=98 1608 
* 2058
+3 392
+15 4
-5 2
+5 4
+1 4
+3 2
+1 2
+1 2
+3 4
+1 2
+1 4
+5 16
+2 6
+1 2
1985 2
4421 2
1985 100
4421 96
1985 192
4387 96
-1 96
+1 192
2552 7
+12 7
-12 35
+12 7
4460 62121
cfn=(594)
calls=20707 1985 
* 82828
+1 20707
-9 41400
+2 41400
-1 20700
+1 20700
-3 20700
+3 20700
+2 20700
-2 82800
+2 20700
+3 41400
4313 10
2553 7
+36 21
+1 7
-1 7
+1 7
+9 64
+6 18
+3 21
2921 21
+1 7
+4 7
+4 35
+5 7
-2 7
+5 7
-3 14
-3 7
+2 7
+1 7
+1 7
-1 21
+1 7
4482 7
2669 21
+8 14
+1 21
+13 7
+2 7
-2 14
+8 35
+8 14
+48 4
+40 3
+19 2
+3 2
+1 6
+2 1
+1 5
cfi=(176)
cfn=(588)
calls=1 25 
* 33
+12 4
-12 1
+12 1
2008 4
3882 1
2873 1
+3 1
-1 1
+1 4
+12 1
-11 1
+11 2
2783 1
-1 2
2017 2
2745 1
+1 1
+6 3
-6 1
+6 3
-6 6
+6 18
-6 6
+6 30
+1 36
-44 21
cfi=(176)
cfn=(588)
calls=7 25 
* 358
+1 14
-1 7
+1 7
2008 7
2711 7
2008 21
2712 7
+3 14
+29 45

fn=(584)
3242 4
+9 8
+1 3
cfn=(586)
calls=1 3846 
* 359
+1 2
+8 4
+9 1
fi=(179) ./malloc/../string/bits/string_fortified.h
59 2
fe=(173)
3270 1
fi=(179)
59 86
fe=(173)
3274 3

fn=(700) free
3359 5282
+4 10564
-4 15846
+14 5282
-14 15846
+12 5282
+4 5282
-4 5282
+4 10564
+17 15846
fi=(174)
153 15846
fe=(173)
3398 15846
cfn=(704)
calls=5282 4495 
* 425653
+3 5281
+1 31686

fn=(748)
4770 3223
+6 586
+22 3223
-20 8
+3 6
-2 1
cfn=(706)
calls=1 +32 
* 17049
* 1
+5 10

fn=(762)
5770 2
+2 2
-2 1
+2 1
cfi=(209) ./libio/../sysdeps/posix/libc_fatal.c
cfn=(764) __libc_message_impl
calls=1 52 
* 394

fn=(750)
1608 513
+2 1539
-2 513
+2 1026
+3 513
+1 1026
+2 2052
-3 513
+6 513
+1 513
+1 1215
+24 1026

fl=(80) ./string/../sysdeps/x86/cacheinfo.c
fn=(278) __x86_cacheinfo
86 1
fi=(81) ./string/../sysdeps/x86/cacheinfo.h
-27 1
+3 3
+2 1
+1 1
-1 2
+7 3
+2 1
+1 1
-1 2
+5 2
+2 2
+1 2
+1 2
+2 2
+2 2
fe=(80)

fl=(147) ./elf/./elf/libc_early_init.c
fn=(464) __libc_early_init
33 9
+2 1
cfi=(148) ./ctype/./ctype/ctype-info.c
cfn=(466) __ctype_init
calls=1 -6 
* 17
+3 1
fi=(150) ./elf/../sysdeps/nptl/pthread_early_init.h
-5 2
fe=(147)
+8 1
-3 1
+3 1
fi=(150)
-8 1
cfi=(149)
cfn=(468)
calls=1 +5 
* 10
* 3
+1 1
+4 5
+7 1
fi=(222) ./elf/../nptl/nptl-stack.h
+16 3
fi=(150)
-16 1
fi=(222)
+16 2
fi=(150)
-7 1
fi=(222)
+7 3
fi=(150)
-9 1
-6 1
+2 2
+4 4
+1 1
+3 1
cfi=(151) ./nptl/./nptl/pthread_mutex_conf.c
cfn=(472) __pthread_tunables_init
calls=1 -1 
* 104
fe=(147)
-9 3
+2 2
-2 1
cfi=(153)
cfn=(476)
calls=1 +45 
* 169

fl=(156) ./csu/./csu/init-first.c
fn=(508) _init_first
46 6
+5 2
+4 5
+8 1
-2 1
+10 1
-9 1
+1 1
+9 3
-1 1
cfi=(157) ./misc/./misc/init-misc.c
cfn=(510) __init_misc
calls=1 -41 
* 50

fl=(159) ./libio/./libio/vtables.c
fn=(516) check_stdfiles_vtables
545 1
+1 4
+1 3
+1 3
+2 1

fl=(84) ./string/../sysdeps/x86_64/multiarch/strpbrk.c
fn=(286) strpbrk
29 1
fi=(223) ./string/../sysdeps/x86_64/multiarch/ifunc-sse4_2.h
+7 5
fe=(84)
-7 1

fl=(106) ./wcsmbs/../sysdeps/x86_64/multiarch/wcscmp.c
fn=(338) wcscmp
30 1
fi=(100) ./wcsmbs/../sysdeps/x86_64/multiarch/ifunc-avx2.h
+10 3
-2 4
fe=(106)
-8 2
fi=(100)
+11 2
+1 3
+3 2
+4 3
+3 5
fe=(106)

fl=(169) ./libio/./libio/genops.c
fn=(558) __uflow
299 620
+1 124
-1 124
+1 249
+5 372
+3 124
173 124
308 248
+2 248
+6 248
+7 124
fi=(180) ./libio/./libio/libioP.h
1025 372
+1 248
fe=(169)
323 248
+1 372
-1 124
cfn=(560) _IO_default_uflow
calls=124 +38 
* 16933
-23 246
+21 372

fn=(564) _IO_doallocbuf
343 2
+1 4
-1 14
+3 6
+1 2
fi=(180)
1025 6
+1 4
fe=(169)
347 4
cfi=(171) ./libio/./libio/filedoalloc.c
cfn=(566) _IO_file_doallocate
calls=2 78 
* 2157
* 4
+3 12

fn=(602) _IO_switch_to_get_mode
164 744
+1 372
+3 372
+4 248
+1 248
+7 124
-4 124
+4 124
-2 248
+3 124
+1 496

fn=(760) __overflow
199 10
+2 6
+2 2
fi=(180)
1025 6
+1 4
fe=(169)
203 2
+1 4
-1 2
cfi=(170) ./libio/./libio/fileops.c
cfn=(672) _IO_file_overflow@@GLIBC_2.2.5
calls=2 732 
* 308

fn=(676) _IO_default_xsputn
371 33
+3 12
fi=(180)
1025 3
fe=(169)
373 6
+16 6
+8 3
+2 6
-20 12
+2 3
+1 6
+2 6
-9 3
+29 24
-11 15
-4 6
+5 2
-1 3
+2 16
-1 4
-1 4
+1 2
-1 2
-4 2
+5 8
-1 6

fn=(560)
361 248
fi=(180)
1025 124
fe=(169)
361 372
+1 124
-1 124
fi=(180)
1025 248
+1 248
fe=(169)
362 248
cfi=(170)
cfn=(562) _IO_file_underflow@@GLIBC_2.2.5
calls=124 462 
* 13957
+1 248
+2 496
+1 496

fn=(598) _IO_setb
329 22
+1 8
+5 4
-3 2
+3 4
-2 2
+2 4
+3 12

fl=(189) ./string/../sysdeps/x86_64/multiarch/strcspn-sse4.c
fn=(638) __strcspn_sse42
87 72017
+1 144034
+8 216051
+40 67469
+3 67469
-3 67469
fi=(224) /usr/lib/gcc/x86_64-linux-gnu/13/include/emmintrin.h
706 67469
fi=(225) /usr/lib/gcc/x86_64-linux-gnu/13/include/tmmintrin.h
138 134938
fi=(190) /usr/lib/gcc/x86_64-linux-gnu/13/include/smmintrin.h
687 67469
fe=(189)
144 67469
+4 27580
fi=(190)
634 27580
fe=(189)
150 27580
-2 82740
+1 1486
-50 72017
fi=(224)
1341 72017
fe=(189)
99 72017
fi=(224)
1341 144034
+98 72017
fe=(189)
104 72017
+1 144034
+2 72017
fi=(224)
706 72017
fe=(189)
109 72017
fi=(224)
706 72017
fi=(225)
138 72017
fe=(189)
-29 144034
+21 9096
+32 522
fi=(190)
634 31385
+53 62770
+24 31385
-24 31385
+24 31385
fe=(189)
160 62770
+1 124496
fi=(190)
634 261
fe=(189)
163 783
+5 261
-23 79778

fl=(197) ./io/../sysdeps/unix/sysv/linux/write.c
fn=(712) write
25 4
+1 24
+1 4

fl=(211) ./misc/../sysdeps/unix/sysv/linux/mmap64.c
fn=(768) mmap
47 1
+3 2
-3 6
+6 2
+5 6
+2 4
-7 5

fl=(213) ./misc/../sysdeps/unix/sysv/linux/setvmaname.c
fn=(772) __set_vma_name
33 7
+2 5
+14 12
-9 4
cob=(3)
cfi=(152)
cfn=(474)
calls=1 -40 
* 26
* 3
+7 1
+1 1

fl=(124) ./string/../sysdeps/x86_64/multiarch/strcpy.c
fn=(380) strcpy
29 2
fi=(117) ./string/../sysdeps/x86_64/multiarch/ifunc-strcpy.h
+9 4
+1 2
-1 4
+1 4
+3 4
+4 6
+3 6
fe=(124)
-20 2

fl=(157)
fn=(510)
30 1
+1 2
-1 4
+1 4
+2 3
cob=(3)
cfi=(152)
cfn=(512) 0x000000000487a660
calls=1 -33 
* 24
+4 5
+1 3
+2 4

fl=(181) ./io/../sysdeps/unix/sysv/linux/read.c
fn=(606) read
25 124
+1 744
+1 124

fl=(204)
fn=(736)
169 900
+3 3600
+2 1800
+9 35022
+9 1800

fl=(102) ./string/../sysdeps/x86_64/multiarch/strchr.c
fn=(328) index
65 1
-22 2
+1 1
-2 4
+2 2
+3 2
+4 3
+3 3
+11 1

fl=(88) ./string/../sysdeps/x86_64/multiarch/memset.c
fn=(294) memset
29 2
fi=(89) ./string/../sysdeps/x86_64/multiarch/ifunc-memset.h
+25 10
+3 6
+7 4
+9 4
+2 4
+10 4
+8 4
+3 10
fe=(88)

fl=(103) ./debug/../sysdeps/x86_64/multiarch/memset_chk.c
fn=(330) __memset_chk
29 1
fi=(104) ./debug/../sysdeps/x86_64/multiarch/ifunc-memset.h
+25 5
+3 3
+7 2
+9 2
+2 2
+10 2
+8 2
+3 5
fe=(103)

fl=(192) ./stdlib/./stdlib/atoi.c
fn=(654) atoi
26 90844
+1 90844
-1 45422
+1 45422
cfi=(182) ./stdlib/../stdlib/strtol.c
cfn=(656) __isoc23_strtol
calls=45422 +98 
* 7254452
+1 90844

fl=(105) ./string/../sysdeps/x86_64/multiarch/strrchr.c
fn=(334) rindex
28 1
fi=(83) ./string/../sysdeps/x86_64/multiarch/ifunc-avx2.h
+12 3
-2 4
fe=(105)
-10 2
fi=(83)
+13 2
+1 3
+3 2
+4 3
+3 5
fe=(105)

fl=(115) ./wcsmbs/../sysdeps/x86_64/multiarch/wcscpy.c
fn=(358) wcscpy
60 1
-17 2
-1 4
+2 3
+2 2
+4 3
+10 1

fl=(135) ./string/../sysdeps/x86_64/multiarch/strspn.c
fn=(420) strspn
29 1
fi=(223)
+7 5
fe=(135)
-7 1

fl=(171)
fn=(566)
78 22
+6 8
fi=(180)
1025 6
+1 4
fe=(171)
84 6
cfi=(170)
cfn=(568) _IO_file_stat
calls=2 1147 
* 18
* 4
+2 8
+11 8
+4 4
cob=(3)
cfi=(152)
cfn=(572) 0x000000000487a3f0
calls=2 0 
* 1977
* 2
+1 4
+2 8
cfi=(169)
cfn=(598)
calls=2 329 
* 58
+1 2
+1 18

fl=(214) ./stdlib/./stdlib/abort.c
fn=(776) abort
49 5
+4 1
-4 4
+4 8
+5 2
fi=(215) ./stdlib/../sysdeps/unix/sysv/linux/internal-signals.h
+15 3
fe=(214)
-13 1
fi=(226) ./stdlib/../sysdeps/unix/sysv/linux/internal-sigset.h
+34 1
fi=(215)
-21 3
fe=(214)
-5 3
+9 1
-1 2
+1 8
+2 2
cfi=(216) ./signal/../sysdeps/posix/raise.c
cfn=(780) raise
calls=1 -54 
* 41

fl=(163)
fn=(542)
29 4
+15 1
-15 5
+15 1
cfi=(164) ./setjmp/../sysdeps/x86_64/bsd-_setjmp.S
cfn=(544) _setjmp
calls=1 -16 
* 38
* 1
+2 2
+5 2
+1 2
+3 2
+3 6
cob=(5)
cfi=(167) /home/fpiazza/Desktop/fpiazza-api/main.c
cfn=(550) main
calls=1 +47 
* 385647409

fl=(216)
fn=(780)
25 6
+1 1
cfi=(217) ./nptl/./nptl/pthread_self.c
cfn=(782) pthread_self
calls=1 -3 
* 3
* 3
cfi=(218) ./nptl/./nptl/pthread_kill.c
cfn=(784) pthread_kill@@GLIBC_2.34
calls=1 +57 
* 28

fl=(207) ./stdio-common/./stdio-common/Xprintf_buffer_flush.c
fn=(752) __printf_buffer_flush
61 4
fi=(205)
+54 4
fe=(207)
-53 8
-1 16
fi=(208) ./stdio-common/./stdio-common/printf_buffer_flush.c
-20 28
fe=(207)
+25 8
+4 12
+1 4
+1 12
fi=(208)
-19 4
cfi=(200)
cfn=(756) __printf_buffer_flush_to_file
calls=4 -4 
* 504
fi=(205)
+62 4
fi=(208)
-61 4
fe=(207)

fl=(82) ./string/../sysdeps/x86_64/multiarch/strnlen.c
fn=(282) strnlen
31 2
fi=(83)
+9 6
-2 8
fe=(82)
-7 4
fi=(83)
+10 4
+1 6
+3 4
+4 6
+3 10
fe=(82)

fl=(126) ./string/../sysdeps/x86_64/multiarch/strlen.c
fn=(392) strlen
29 2
fi=(83)
+11 6
-2 8
fe=(126)
-9 4
fi=(83)
+12 4
+1 6
+3 4
+4 6
+3 10
fe=(126)

fl=(174)
fn=(578)
262 1
fi=(175) ./malloc/../sysdeps/unix/sysv/linux/not-cancel.h
97 3
fe=(174)
262 7
+5 1
fi=(175)
97 3
fi=(173)
3143 2
fe=(174)
292 2
+4 3
fi=(173)
1946 4
+3 1
-3 1
+3 2
-3 2
+3 126
-3 126
+3 252
-3 252
+11 1
fe=(174)
300 3
fi=(173)
1958 1
+2 1
fe=(174)
300 1
cob=(3)
cfi=(152)
cfn=(474)
calls=1 0 
* 25
+1 4
cob=(3)
cfi=(152)
cfn=(474)
calls=1 0 
* 26
+1 4
cob=(3)
cfi=(152)
cfn=(474)
calls=1 0 
* 25
+1 4
cob=(3)
cfi=(152)
cfn=(474)
calls=1 0 
* 25
+1 4
cob=(3)
cfi=(152)
cfn=(474)
calls=1 0 
* 26
+1 4
cob=(3)
cfi=(152)
cfn=(474)
calls=1 0 
* 25
+1 4
cob=(3)
cfi=(152)
cfn=(474)
calls=1 0 
* 25
+2 4
cob=(3)
cfi=(152)
cfn=(474)
calls=1 0 
* 25
+1 4
cob=(3)
cfi=(152)
cfn=(474)
calls=1 0 
* 25
+1 4
cob=(3)
cfi=(152)
cfn=(474)
calls=1 0 
* 25
+3 4
cob=(3)
cfi=(152)
cfn=(474)
calls=1 0 
* 25
+1 4
cob=(3)
cfi=(152)
cfn=(474)
calls=1 0 
* 25
+2 2
+10 8

fl=(107) ./string/../sysdeps/x86_64/multiarch/stpncpy.c
fn=(342) stpncpy
31 1
fi=(108) ./string/../sysdeps/x86_64/multiarch/ifunc-strncpy.h
+4 5
+1 3
+3 2
+4 3
+3 4
fe=(107)
-15 1

fl=(184) ./string/../sysdeps/x86_64/multiarch/memset-vec-unaligned-erms.S
fn=(616) __memset_avx2_unaligned_erms
158 1005
+1 2010
+5 1005
+1 1005
+1 1005
+1 1005
+1 1005
+69 1005
+1 1005
+87 1005
+1 1005
+1 1005
+1 32932845
+1 1005
+1 2010

fl=(170)
fn=(604) _IO_file_read
1131 124
+1 124
+2 124
-1 124
+1 248
cfi=(181)
cfn=(606)
calls=124 25 
* 992

fn=(562)
462 124
+4 372
-4 1116
+7 248
+6 372
+3 248
+12 246
fi=(180)
1025 124
fe=(170)
506 248
cfi=(169)
cfn=(602)
calls=124 164 
* 3224
+6 124
+5 124
-5 124
fi=(180)
1025 248
fe=(170)
512 124
fi=(180)
1025 124
fe=(170)
512 372
fi=(180)
1026 248
fe=(170)
517 496
cfn=(604)
calls=124 1131 
* 1736
+2 248
+16 124
-9 124
+9 248
+2 248
+1 992
-57 3
+5 2
cfi=(169)
cfn=(564)
calls=1 343 
* 1922
+4 4

fn=(568)
1147 2
+1 4
cfi=(172) ./io/../sysdeps/unix/sysv/linux/fstat64.c
cfn=(570) fstat
calls=2 30 
* 12

fn=(710) _IO_file_write@@GLIBC_2.2.5
1174 32
+2 16
-1 8
+6 4
cfi=(197)
cfn=(712)
calls=4 25 
* 32
+1 8
+5 4
+1 4
-12 8
+4 12
+1 8
+10 12
+3 24
-4 12

fn=(672)
732 40
+1 20
+7 23
+37 4
-2 8
+3 4
+3 6
+1 6
+1 4
+4 2
+1 12
-45 2
+12 2
+9 3
+5 3
+2 2
-5 1
+5 1
+1 1
-5 1
+1 1
+4 2
-7 1
+10 2
+13 3
-12 3
+1 3
+11 12
-12 3
cfn=(674) _IO_do_write@@GLIBC_2.2.5
calls=3 424 
* 219
-4 2
+7 6
+2 4
-2 6
cfn=(674)
calls=2 424 
* 214
* 4
-34 2
cfi=(169)
cfn=(564)
calls=1 343 
* 293
+1 1
+9 1
-9 5

fn=(674)
424 5
+2 15
+1 1
-3 12
fi=(180)
1025 4
fe=(170)
424 32
+20 4
-10 8
+7 16
fi=(180)
1025 8
+1 8
fe=(170)
449 16
cfn=(710)
calls=4 1174 
* 184
* 4
+1 12
+2 4
+4 8
-3 8
-1 8
+4 12
-30 8
+28 4
-28 8
+1 32
+28 12

fn=(670) _IO_file_xsputn@@GLIBC_2.2.5
1198 7028
+7 1004
-7 2008
+6 4016
+9 2008
-2 4016
+17 3012
+1 2004
+5 1002
+2 2004
+2 1002
-4 1002
+2 1002
+2 1002
-1 1002
-1 1002
cob=(3)
cfi=(152)
cfn=(680) 0x000000000487a430
calls=1002 0 
* 17034
+2 1002
-2 1002
+4 2004
+28 9036
-68 2
+44 2
fi=(180)
1025 6
+1 4
fe=(170)
1244 1
fi=(180)
1025 3
+1 2
fe=(170)
1244 9
cfn=(672)
calls=3 732 
* 624
* 6
+6 6
+1 15
+2 9
+11 6
+1 12
cfi=(169)
cfn=(676)
calls=3 371 
* 193
+2 9

fl=(116) ./string/../sysdeps/x86_64/multiarch/strcat.c
fn=(360) strcat
29 1
fi=(117)
+9 2
+1 1
-1 2
+1 2
+3 2
+4 3
+3 3
fe=(116)
-20 1

fl=(196) ./libio/./libio/ioputs.c
fn=(692) puts
33 790
+2 79
cob=(3)
cfi=(152)
cfn=(694)
calls=79 -35 
* 1264
+1 79
-1 79
+1 237
-3 79
+6 237
+1 79
fi=(180)
1025 237
+1 158
fe=(196)
40 237
cfi=(170)
cfn=(670)
calls=79 1198 
* 5056
* 158
+1 553
+1 316
fi=(180)
979 158
+1 632
fe=(196)
46 632
-10 395
+2 158
-2 395

fl=(91) ./debug/../sysdeps/x86_64/multiarch/mempcpy_chk.c
fn=(302) __mempcpy_chk
29 1
fi=(92) ./debug/../sysdeps/x86_64/multiarch/ifunc-memmove.h
+28 3
-1 2
+4 3
+14 2
+3 2
+8 2
+8 2
+3 5
fe=(91)

fl=(138) ./string/../sysdeps/x86_64/multiarch/strncase.c
fn=(430) strncasecmp
31 1
fi=(113) ./string/../sysdeps/x86_64/multiarch/ifunc-strcasecmp.h
+6 2
-1 4
fe=(138)
-5 2
fi=(113)
+7 3
+3 2
+4 3
+3 4
fe=(138)

fl=(185) ./string/../sysdeps/x86_64/multiarch/strlen-avx2.S
fn=(624) __strlen_avx2
52 1384
+13 1384
+1 1384
+1 1384
+3 1384
+2 1384
+1 1384
+3 1384
+1 1384
+8 1384
+1 1384
+1 1248
+5 2496
+26 3
+13 3
+1 3
+1 3
+6 6
+82 136
+15 136
+6 136
+1 136
+1 136
+2 133
+1 133
+1 133
+1 133
+2 133
+1 133
+1 133
+1 133
+2 133
+1 133
+1 133
+1 133
+18 133
+1 266
+14 133
+1 133
+1 133
+1 133
+2 133
+1 133
+1 133
+2 133
+1 133
+1 133
-11 3685
+1 3685
+1 3685
+1 3685
+2 3685
+1 3685
+1 3685
+2 3685
+1 3685
+1 3685
+3 133
+1 133
+1 133
+1 133
+1 133
+2 90
+1 90
+1 90
+1 90
+3 56
+1 56
+3 56
+1 56
+1 56
+1 56
+1 56
+5 112
+50 43
+1 43
+1 43
+5 86
+4 34
+1 34
+1 34
+5 68

fl=(109) ./wcsmbs/../sysdeps/x86_64/multiarch/wmemchr.c
fn=(346) wmemchr
31 2
fi=(110) ./wcsmbs/../sysdeps/x86_64/multiarch/ifunc-evex.h
+7 6
-1 8
+2 6
+6 4
-3 4
+9 6
+3 8
fe=(109)
-23 2

fl=(164)
fn=(544)
28 1
+2 1
+2 1
cfi=(165) ./setjmp/../sysdeps/x86_64/setjmp.S
cfn=(546) __sigsetjmp
calls=1 -1 
* 35

fl=(217)
fn=(782)
23 1
+2 2

fl=(193) ./string/../sysdeps/x86_64/multiarch/strcmp-avx2.S
fn=(664) __strcmp_avx2
206 383846
+43 383846
+25 383846
+1 383846
+1 383846
+2 383846
+1 383846
+4 356889
+4 356889
+2 356889
+2 356889
+3 356889
+9 356889
+1 356889
+4 356889
+10 356889
+1 356889
+3 356889
+4 713778
524 1745
+1 1745
+1 3490
+12 1745
+1 1745
+3 1745
+1 1745
+4 1677
+1 1677
+1 1677
+1 1677
+3 1677
+1 1677
+1 1677
+1 1677
+4 1677
+3 1677
+1 1677
+1 1677
+2 1677
+1 1677
+3 1677
+3 1677
+1 1677
+1 1677
+1 1677
+3 1677
+1 1677
+1 1677
+1 1677
+69 1726
+16 1726
+1 1726
+3 1726
+1 1726
+1 1726
+3 3452
+64 68
+3 68
+3 68
+1 68
+2 49
+1 49
+1 49
+1 49
+1 49
+1 49
+1 49
+8 19
+8 19
+1 19
+1 19
+1 19
+1 19
+4 19
+1 19
+1 19
+6 19
+1 19
+2 19
+1 19
+4 19
+6 19
+11 19
+1 19
+3 19
+1 19
+1 19
+3 38
953 96448
+1 96448
+3 96448
+1 96448
+1 96448
+1 96448
+2 96448
+3 96448
+1 96448
+4 40959
+1 40959
+9 12179
+4 12179
+1 21257
+8 9078
+1 9078
+1 9078
+1 9078
+1 9078
+1 9078
+2 9078
-7 11233
+1 11233
+1 11233
+1 11233
+1 11233
+1 11233
+2 11233
+35 25151
+1 25151
+11 25151
+1 25151
+3 25151
+1 25151
+1 25151
+3 50302
+20 55489
+1 55489
+3 14778
+1 14778
+1 14778
+1 14778
+6 14778
+2 14778
+3 14778
+1 14778
+5 6646
+1 6646
+2 1879
+1 1879
+1 1879
+1 1879
+1 1879
+1 1879
+1 1879
+45 4767
+1 4767
+2 3837
+1 3837
+1 3837
+1 3837
+1 3837
+1 3837
+1 3837
+1 3837
+7 1212
+2 1212
+4 1212
+1 1212
+1 1212
+1 1212
+1 1212
+1 1212
+1 1212
+1 1212
+11 1002
+1 1002
+2 1002
+32 930
+1 930
+2 553
+1 553
+1 553
+1 553
+1 553
+1 553
+1 553
+1 553
+6 460
+2 460
+4 460
+1 460
+1 460
+1 460
+1 460
+1 460
+1 460
+1 460
+11 427
+1 427
+2 427
+11 377
+3 377
+1 377
+3 377
+1 377
-5 216
+1 216
+3 216
+1 216
+1 532
+1 532
+5 532
+2 532
+1 532
+1 316
+1 316
+4 316
+6 61
+1 61
+1 61

fl=(127) ./string/../sysdeps/x86_64/multiarch/strncpy.c
fn=(396) strncpy
29 1
fi=(108)
+6 5
+1 3
+3 2
+4 3
+3 4
fe=(127)
-17 1

fl=(201) ./string/../sysdeps/x86_64/multiarch/strchr-avx2.S
fn=(730) __strchrnul_avx2
53 1501
+2 1501
+1 1501
+1 1501
+1 1501
+1 1501
+3 1501
+1 1501
+4 1501
+1 1501
+1 1501
+1 1501
+1 1501
+1 1501
+1 1501
+1 1501
+13 1501
+2 3002

fl=(206) ./stdio-common/./stdio-common/Xprintf_buffer_done.c
fn=(744) __printf_buffer_done
25 300
+1 900
+5 600
+2 3600
+7 300

fl=(198) ./stdio-common/./stdio-common/printf.c
fn=(718) printf
28 4200
+4 300
+1 600
-1 300
+1 300
-1 600
+1 300
-1 600
+1 900
cfi=(199)
cfn=(720)
calls=300 1522 
* 441476
+4 1500

fl=(114) ./string/../sysdeps/x86_64/multiarch/strcspn.c
fn=(356) strcspn
29 1
fi=(223)
+7 5
fe=(114)
-7 1

fl=(133) ./string/../sysdeps/x86_64/multiarch/memchr.c
fn=(416) memchr
29 1
fi=(134) ./string/../sysdeps/x86_64/multiarch/ifunc-evex.h
+9 3
-1 4
+2 3
+6 2
-3 2
+9 3
+3 4
fe=(133)
-25 1

fl=(172)
fn=(570)
30 2
+9 8
+33 2

fl=(85) ./string/../sysdeps/x86_64/multiarch/strcmp.c
fn=(288) strcmp
79 2
-31 4
+1 2
-2 8
+2 4
+3 4
+4 6
+3 6
+20 2

fl=(162)
fn=(524)
67 7
-26 2
+2 8
+1 2
cfn=(526) __new_exitfn
calls=1 +36 
* 33
+2 2
+8 1
-2 1
+3 1
+1 1
-4 2
+1 1
+4 4
+1 1
+11 6

fn=(526)
80 1
+6 2
-6 4
+11 2
-10 1
+10 4
+2 4
-2 1
+10 1
-10 3
+45 1
+5 3
-4 1
+4 2
-18 1
-1 1
+12 1

fl=(187) ./string/./string/strtok_r.c
fn=(630) strtok_r
43 721540
+3 144308
+3 144308
+7 216051
cob=(3)
cfi=(152)
cfn=(632) 0x000000000487a470
calls=72017 -56 
* 2704810
* 72017
+1 144034
+7 216051
cob=(3)
cfi=(152)
cfn=(636) 0x000000000487a5e0
calls=72017 -64 
* 2901403
* 72017
+1 144034
+7 71013
+1 71013
-14 71013
+16 497091
-16 1004
+16 7028
-23 137
+7 137
+16 959
-28 142300

fl=(191) ./string/../sysdeps/x86_64/multiarch/strcpy-avx2.S
fn=(650) __strcpy_avx2
64 1351
+1 1351
+7 1351
+1 1351
+1 1351
+1 1351
+3 1342
+2 1342
+1 1342
+1 1342
+2 1342
+1 1342
+4 1342
+2 1342
+1 1342
+9 1342
+1 1342
+2 1342
+1 1342
+6 121
+1 121
+14 121
+1 121
+1 121
+1 121
+15 1221
+2 1221
+1 1221
+1 1221
306 13
+1 13
+2 13
+1 13
+1 13
+9 13
+1 13
+1 9
+2 9
+2 110
+5 18

fl=(125) ./string/../sysdeps/x86_64/multiarch/strcasecmp_l.c
fn=(384) strcasecmp_l
31 1
fi=(113)
+6 2
-1 4
fe=(125)
-5 2
fi=(113)
+7 3
+3 2
+4 3
+3 4
fe=(125)

fl=(137) ./string/../sysdeps/x86_64/multiarch/mempcpy.c
fn=(426) mempcpy
33 1
fi=(98)
+24 3
-1 2
+4 3
+14 2
+3 2
+8 2
+8 2
+3 5
fe=(137)

fl=(93) ./debug/../sysdeps/x86_64/multiarch/memcpy_chk.c
fn=(306) __memcpy_chk
29 1
fi=(92)
+28 3
-1 2
+4 3
+14 2
+3 2
+8 2
+8 2
+3 5
fe=(93)

fl=(182)
fn=(610) strtol
116 2
+1 10
cfi=(183)
cfn=(612)
calls=2 238 
* 395

fn=(656)
125 45422
+1 227110
cfi=(183)
cfn=(612)
calls=45422 238 
* 6981920

fl=(112) ./string/../sysdeps/x86_64/multiarch/strcasecmp.c
fn=(352) strcasecmp
31 1
fi=(113)
+6 2
-1 4
fe=(112)
-5 2
fi=(113)
+7 3
+3 2
+4 3
+3 4
fe=(112)

fl=(128) ./wcsmbs/../sysdeps/x86_64/multiarch/wmemcmp.c
fn=(400) wmemcmp
29 1
fi=(129) ./wcsmbs/../sysdeps/x86_64/multiarch/ifunc-memcmp.h
+5 5
+1 2
+1 2
+1 3
+3 2
+4 3
+3 4
fe=(128)
-18 2

fl=(136) ./wcsmbs/../sysdeps/x86_64/multiarch/wcpcpy.c
fn=(422) wcpncpy
31 1
fi=(96) ./wcsmbs/../sysdeps/x86_64/multiarch/ifunc-wcs.h
+9 3
-1 4
+2 3
+3 2
+4 4
fi=(227) ./wcsmbs/../sysdeps/x86_64/multiarch/wcpncpy.c
-17 1
fe=(136)

fl=(99) ./wcsmbs/../sysdeps/x86_64/multiarch/wcscat.c
fn=(388) wcscat
31 1
fi=(96)
+9 3
-1 4
+2 3
+3 2
+4 4
fe=(99)
-17 1

fn=(322) wcschr
31 2
fi=(100)
+9 6
-2 8
fi=(101) ./wcsmbs/../sysdeps/x86_64/multiarch/wcschr.c
-7 4
fi=(100)
+10 4
+1 6
+3 4
+4 6
+3 10
fe=(99)

fl=(195) ./string/../sysdeps/x86_64/multiarch/memmove-vec-unaligned-erms.S
fn=(682) __mempcpy_avx_unaligned_erms
242 1004
+1 1004
+1 1004
+1 1004
+17 1004
+1 1004
+42 1004
+1 1004
+2 1003
+1 1003
+2 1
+4 1
+1 1
+1 1
+1 1
+1 1
+4 1
+2 1
+17 1
+1 1
+1 1
+1 1
+2 1
+17 1002
+1 1002
+1 1002
+1 1002
+1 1002

fn=(684) __memcpy_avx_unaligned_erms
255 2402
+1 2402
+6 2402
+1 2402
+42 2402
+1 2402
+2 2402
+1 2402
+2 2157
+4 2157
+1 1810
+1 1810
+1 1810
+1 1810
+1 613
+1 613
+2 613
+2 613
-2 1197
+2 1197
+6 347
+1 347
+1 347
+1 347
+1 347
+29 245
+1 245
+1 245
+1 245
+1 245

fl=(94) ./string/../sysdeps/x86_64/multiarch/memrchr.c
fn=(310) memrchr
29 1
fi=(83)
+11 3
-2 4
fe=(94)
-9 2
fi=(83)
+12 2
+1 3
+3 2
+4 3
+3 5
fe=(94)

fl=(166) ./setjmp/./setjmp/sigjmp.c
fn=(548) __sigjmp_save
28 6
+2 2
-1 1
+5 4

fl=(130) ./debug/../sysdeps/x86_64/multiarch/memmove_chk.c
fn=(404) __memmove_chk
29 1
fi=(92)
+28 3
-1 2
+4 3
+14 2
+3 2
+8 2
+8 2
+3 5
fe=(130)

fl=(177)
fn=(590)
37 64
+3 8
+3 8
-3 8
+3 8
+35 7
-20 16
+4 16
+4 28
+8 7
cfi=(178)
cfn=(592)
calls=7 -38 
* 63
* 14
+4 49
-19 2
cfi=(178)
cfn=(592)
calls=1 -23 
* 9
* 2
+4 2

fl=(194) ./libio/./libio/iofwrite_u.c
fn=(668) fwrite_unlocked
34 5550
+1 925
-1 925
+1 925
-1 925
+4 1850
+2 4626
+2 1
fi=(180)
1025 3
+1 2
fe=(194)
42 924
fi=(180)
1025 2772
+1 1848
fe=(194)
42 3700
cfi=(170)
cfn=(670)
calls=925 1198 
* 60045
+5 1850
+5 7400
-12 1848
+8 1850

fl=(118) ./string/../sysdeps/x86_64/multiarch/strncase_l.c
fn=(364) strncasecmp_l
31 1
fi=(113)
+6 2
-1 4
fe=(118)
-5 2
fi=(113)
+7 3
+3 2
+4 3
+3 4
fe=(118)

fl=(111) ./string/../sysdeps/x86_64/multiarch/strncmp.c
fn=(350) strncmp
67 1
-23 2
-1 4
+24 2
-22 3
+3 2
+4 3
+3 4

fl=(120) ./string/../sysdeps/x86_64/multiarch/memcmp.c
fn=(372) bcmp
29 1
fi=(121) ./string/../sysdeps/x86_64/multiarch/ifunc-memcmp.h
+5 5
+1 2
+1 2
+1 3
+3 2
+4 3
+3 4
fe=(120)
-18 2

fl=(165)
fn=(546)
31 1
+2 1
+9 1
+1 2
+1 1
+4 1
+1 1
+1 1
+1 1
+1 1
+2 2
+2 1
+1 1
+1 1
+2 2
+2 1
+5 1
+1 1
+17 1
cfi=(166)
cfn=(548)
calls=1 -57 
* 13

fl=(86) ./wcsmbs/../sysdeps/x86_64/multiarch/wcsnlen.c
fn=(290) wcsnlen
30 1
fi=(87)
+11 2
-1 4
+2 3
+3 2
+4 3
+3 3
fe=(86)
-22 1

fl=(218)
fn=(784)
83 2
fi=(228) ./nptl/../sysdeps/unix/sysv/linux/internal-signals.h
-30 1
fe=(218)
+30 3
+4 1
-4 7
+3 4
-55 2
+11 3
+1 1
cfi=(219) ./posix/../sysdeps/unix/syscall-template.S
cfn=(786) getpid
calls=1 +48 
* 4

fl=(97) ./string/../sysdeps/x86_64/multiarch/memcmpeq.c
fn=(318) memcpy@@GLIBC_2.14
29 1
fi=(98)
+28 3
-1 2
+4 3
+14 2
+3 2
+8 2
+8 2
+3 5
fe=(97)

fl=(151)
fn=(472)
55 2
+1 2
-1 2
+1 2
-1 4
+1 1
cob=(3)
cfi=(152)
cfn=(474)
calls=1 -56 
* 26
+2 4
cob=(3)
cfi=(152)
cfn=(474)
calls=1 -58 
* 25
+2 4
cob=(3)
cfi=(152)
cfn=(474)
calls=1 -60 
* 26
+2 6

fl=(95) ./wcsmbs/../sysdeps/x86_64/multiarch/wcsncpy.c
fn=(314) wcsncpy
31 1
fi=(96)
+9 3
-1 4
+2 3
+3 2
+4 4
fe=(95)
-17 1

fl=(200)
fn=(756)
49 8
+4 4
-4 24
+2 16
+2 12
+15 12
+18 6
+3 2
+2 4
+12 2
+1 12
-32 4
+2 6
cfi=(169)
cfn=(760)
calls=2 199 
* 344
* 4
+30 2
-39 2
+39 8
-39 2
cfn=(724) __printf_buffer_to_file_switch
calls=2 -36 
* 22
+33 2
+1 2
-1 2
+1 2

fn=(742)
117 300
+1 900
-1 300
-64 300
+64 1800
-66 1200
+2 900
+15 900
+18 900
+3 300
+2 600
+12 300
+19 300
-1 300
+1 1200
-1 300
cfi=(206)
cfn=(744)
calls=300 -96 
* 5700

fn=(722)
108 300
+1 300
fi=(205)
+18 300
fe=(200)
-18 300
fi=(205)
+28 300
-9 300
+9 300
-13 300
fe=(200)
-13 300
fi=(205)
+13 300
fe=(200)
-12 300
cfn=(724)
calls=300 -83 
* 3300

fn=(724)
29 302
+1 1510
+14 1208
+1 302

fl=(202)
fn=(732)
27 2700
+1 8100
-1 18900
+4 10200
+2 4800
+3 2402
fi=(229) ./stdio-common/../string/bits/string_fortified.h
-7 2402
fe=(202)
+8 4804
fi=(229)
-8 2402
fe=(202)
+12 2402
fi=(229)
-12 2402
cob=(3)
cfi=(152)
cfn=(740) 0x000000000487a6b0
calls=2402 -29 
* 43380
fe=(202)
+11 7206
-9 4804
+2 7214
cfi=(207)
cfn=(752)
calls=4 +28 
* 612
* 8
+2 16
+9 16200

fl=(219)
fn=(786)
91 3
+2 1

fl=(148)
fn=(466)
29 1
+2 7
+2 4
+2 4
+1 1

fl=(209)
fn=(764)
52 14
+17 1
-17 3
+15 5
+2 4
-5 1
+1 5
-13 1
+20 2
-20 1
+20 2
+3 3
cob=(3)
cfi=(152)
cfn=(728)
calls=1 -75 
* 21
+2 3
-4 6
+11 4
+9 1
-1 1
+1 1
+1 1
+5 1
-2 1
+3 1
-31 1
+29 1
-29 1
+30 2
-30 2
+30 1
-2 1
+3 1
-31 1
+29 1
-29 1
+30 2
-30 4
+15 2
+2 8
+2 1
-1 2
cob=(3)
cfi=(152)
cfn=(694)
calls=1 -87 
* 16
* 1
+1 1
+18 1
fi=(210) ./libio/../sysdeps/unix/sysv/linux/libc_fatal.c
-77 6
+2 2
fe=(209)
+78 4
-1 4
+1 1
-1 1
+1 2
cfi=(211)
cfn=(768)
calls=1 -62 
* 26
* 1
+3 2
+2 3
+1 1
+1 4
fi=(212) ./libio/../string/bits/string_fortified.h
-71 2
fe=(209)
+71 1
fi=(212)
-71 1
cob=(3)
cfi=(152)
cfn=(680)
calls=1 -45 
* 20
* 2
fe=(209)
+71 1
fi=(212)
-71 1
cob=(3)
cfi=(152)
cfn=(680)
calls=1 -45 
* 15
* 2
fe=(209)
+71 4
+2 1
+2 4
cfi=(213)
cfn=(772)
calls=1 -87 
* 59
+4 2
+2 2
cfn=(774) __libc_message_impl.cold
calls=1 +6 
* 86

fn=(774)
132 1
cfi=(214)
cfn=(776)
calls=1 -83 
* 85

fl=(188) ./string/../sysdeps/x86_64/multiarch/strspn-sse4.c
fn=(634) __strspn_sse42
63 72017
+1 144034
+8 216051
+41 67469
+2 67469
-2 67469
fi=(224)
706 67469
fi=(225)
138 202407
fi=(190)
634 134938
fe=(188)
119 269876
-44 72017
fi=(224)
1341 72017
fe=(188)
75 72017
fi=(224)
1341 144034
+98 72017
fe=(188)
80 72017
+1 144034
+2 72017
fi=(224)
706 72017
fe=(188)
85 72017
fi=(224)
706 72017
fi=(225)
138 72017
fe=(188)
-53 144034
+21 4548
fi=(190)
687 4548
fe=(188)
135 4548
+1 18192
+3 67469

fl=(168) ./libio/./libio/getchar_u.c
fn=(556) getchar_unlocked
34 507835
+1 4062308
+1 507711
-1 124
cfi=(169)
cfn=(558)
calls=124 299 
* 21520

fl=(186) ./string/./string/strtok.c
fn=(628) strtok
32 72154
+2 144308
cfi=(187)
cfn=(630)
calls=72154 +9 
* 8342268

fl=(131) ./string/../sysdeps/x86_64/multiarch/stpcpy.c
fn=(408) stpcpy
33 1
fi=(117)
+5 2
+1 1
-1 2
+1 2
+3 2
+4 3
+3 3
fe=(131)
-16 1

fl=(158) ./string/../sysdeps/x86_64/multiarch/strrchr-avx2.S
fn=(514) __strrchr_avx2
53 1
+1 1
+1 1
+2 1
+1 1
+4 1
+1 1
+1 1
+3 1
+2 1
+1 1
+1 1
+1 1
+3 1
+1 1
+2 1
+1 1
+1 1
+1 1
+1 1
+9 2

fl=(122) ./wcsmbs/../sysdeps/x86_64/multiarch/wmemset.c
fn=(376) wmemset
31 2
fi=(123) ./wcsmbs/../sysdeps/x86_64/multiarch/ifunc-wmemset.h
+5 10
+1 6
fe=(122)
-6 2

fl=(119) ./string/../sysdeps/x86_64/multiarch/strchrnul.c
fn=(368) strchrnul
31 1
fi=(83)
+9 3
-2 4
fe=(119)
-7 2
fi=(83)
+10 2
+1 3
fe=(119)

ob=(4) /usr/libexec/valgrind/vgpreload_core-amd64-linux.so
fl=(155) ???
fn=(502) 0x0000000000001110
0 10

ob=(2)
fl=(119)
fn=(368)
fi=(83)
45 2
+4 3
+3 5
fe=(119)

ob=(4)
fl=(155)
fn=(502)
0 2

ob=(3)
fl=(152)
fn=(528)
0 7

fn=(666) 0x00000000001091f0
0 1850
cob=(2)
cfi=(194)
cfn=(668)
calls=925 34 
0 97969

fn=(694)
0 760
cob=(2)
cfi=(185)
cfn=(624)
calls=380 52 
0 5320

fn=(554) 0x0000000000109170
0 1015670
cob=(2)
cfi=(168)
cfn=(556)
calls=507835 34 
0 5099498

fn=(626) 0x0000000000109210
0 144308
cob=(2)
cfi=(186)
cfn=(628)
calls=72154 32 
0 8558730

fn=(646) 0x00000000001091e0
0 50970
cob=(2)
cfi=(173)
cfn=(574)
calls=25485 3294 
0 4292808

fn=(474)
0 42
cob=(1) /usr/lib/x86_64-linux-gnu/ld-linux-x86-64.so.2
cfi=(11) ./elf/./elf/dl-tunables.c
cfn=(28) __tunable_get_val
calls=21 387 
0 493

fn=(512)
0 2
cob=(2)
cfi=(158)
cfn=(514)
calls=1 53 
0 22

fn=(538)
0 2
cob=(1)
cfi=(47) ./elf/./elf/dl-audit.c
cfn=(540) _dl_audit_preinit
calls=1 118 
0 5

fn=(740)
0 4804
cob=(2)
cfi=(195)
cfn=(684)
calls=2402 255 
0 38576

fn=(608) 0x00000000001091d0
0 4
cob=(2)
cfi=(182)
cfn=(610)
calls=2 116 
0 407

fn=(614) 0x00000000001091b0
0 2010
cob=(2)
cfi=(184)
cfn=(616)
calls=1005 158 
0 32948925

fn=(622) 0x0000000000109180
0 2008
cob=(2)
cfi=(185)
cfn=(624)
calls=1004 52 
0 56435

fn=(716) 0x00000000001091a0
0 600
cob=(2)
cfi=(198)
cfn=(718)
calls=300 28 
0 451076

fn=(632)
0 144034
cob=(2)
cfi=(188)
cfn=(634)
calls=72017 63 
0 2560776

fn=(636)
0 144034
cob=(2)
cfi=(189)
cfn=(638)
calls=72017 87 
0 2757369

fn=(648) 0x0000000000109150
0 2702
cob=(2)
cfi=(191)
cfn=(650)
calls=1351 64 
0 31399

fn=(662) 0x00000000001091c0
0 767692
cob=(2)
cfi=(193)
cfn=(664)
calls=383846 206 
0 9087660

fn=(498) 0x000000000483d000
0 7

fn=(572)
0 4
cob=(2)
cfi=(173)
cfn=(574)
calls=2 3294 
0 1973

fn=(698) 0x0000000000109140
0 10564
cob=(2)
cfi=(173)
cfn=(700)
calls=5282 3359 
0 589388

fn=(728)
0 3002
cob=(2)
cfi=(201)
cfn=(730)
calls=1501 53 
0 28519

fn=(652) 0x0000000000109220
0 90844
cob=(2)
cfi=(192)
cfn=(654)
calls=45422 26 
0 7617828

fn=(690) 0x0000000000109160
0 158
cob=(2)
cfi=(196)
cfn=(692)
calls=79 33 
0 12008

fn=(680)
0 2008
cob=(2)
cfi=(195)
cfn=(682)
calls=1004 242 
0 15061

ob=(1)
fl=(16) ./elf/../sysdeps/x86/cpu-features.c
fn=(36) init_cpu_features.constprop.0
682 1
+17 1
-17 7
+3 1
+1 1
+1 1
+3 1
+9 2
+3 6
1001 3
+1 2
+3 2
+1 2
+6 1
+1 1
+1 1
+1 1
fi=(20) ./elf/../sysdeps/x86/dl-cacheinfo.h
792 1
+1 1
+2 1
+14 2
+85 1
+1 1
+15 1
-5 1
+5 1
-10 1
-6 1
+2 1
+14 1
-15 1
+2 1
-1 1
+2 1
-1 1
+2 1
-1 1
+1 1
+2 1
+1 1
+1 1
+1 1
+35 2
-15 3
+8 2
+27 6
+9 2
+19 2
+8 6
cfi=(11)
cfn=(28)
calls=1 387 
* 23
* 1
+2 2
+3 4
cfi=(11)
cfn=(28)
calls=1 387 
* 23
* 1
+2 2
+3 4
cfi=(11)
cfn=(28)
calls=1 387 
* 23
* 1
+1 5
+16 2
-12 5
cfi=(11)
cfn=(28)
calls=1 387 
* 23
* 1
+1 3
+6 3
+3 1
-3 2
cfi=(11)
cfn=(28)
calls=1 387 
* 23
* 1
+3 5
-3 1
+3 5
cfi=(11)
cfn=(58) __GI___tunable_set_val
calls=1 153 
* 62
+1 10
cfi=(11)
cfn=(58)
calls=1 153 
* 62
+1 11
cfi=(11)
cfn=(58)
calls=1 153 
* 62
+3 10
cfi=(11)
cfn=(58)
calls=1 153 
* 62
+2 10
cfi=(11)
cfn=(58)
calls=1 153 
* 62
+13 1
+2 1
fe=(16)
-23 1
fi=(20)
+21 1
+3 1
fe=(16)
-24 1
fi=(20)
+26 1
-5 1
+2 1
-2 1
+3 1
fe=(16)
-24 1
fi=(20)
+25 1
+3 1
-1 1
fe=(16)
-27 1
cfi=(11)
cfn=(28)
calls=1 387 
* 22
+3 4
cfi=(11)
cfn=(28)
calls=1 387 
* 24
+6 3
+54 1
-1 1
+1 1
+45 4
cfi=(11)
cfn=(28)
calls=1 387 
* 22
+2 4
cfi=(11)
cfn=(28)
calls=1 387 
* 22
+6 4
cfi=(11)
cfn=(28)
calls=1 387 
* 24
+7 8
fi=(20)
974 12
fe=(16)
+68 1
-1 2
+1 3
+44 3
+27 2
-10 2
+1 2
+2 3
+1 2
+2 3
+1 2
fi=(20)
811 2
cfn=(50) handle_intel.constprop.0
calls=1 255 
* 455
+1 1
-1 1
+1 1
cfn=(50)
calls=1 255 
* 503
+1 1
-1 1
+1 1
cfn=(50)
calls=1 255 
* 530
+4 1
-4 1
+1 2
+3 1
cfn=(50)
calls=1 255 
* 476
+2 1
-2 1
+2 1
cfn=(50)
calls=1 255 
* 468
+3 1
-3 1
+1 2
+2 1
cfn=(50)
calls=1 255 
* 446
+2 1
-2 1
+2 1
cfn=(50)
calls=1 255 
* 447
+3 1
-2 1
-1 1
+3 1
cfn=(50)
calls=1 255 
* 494
+2 1
-2 1
+2 1
cfn=(50)
calls=1 255 
* 495
+1 1
+2 1
-3 1
+1 1
+2 1
cfn=(50)
calls=1 255 
* 521
+2 1
-2 1
+2 1
cfn=(50)
calls=1 255 
* 522
+2 1
-2 1
+2 1
cfn=(50)
calls=1 255 
* 523
+2 4
-2 1
+2 1
cfn=(56) get_common_cache_info.constprop.0
calls=1 571 
* 223
+93 1
-6 3
+6 1
-6 2
+6 2
-6 2
+6 2
-1 2
fe=(16)
708 6
cfn=(38) get_common_indices.constprop.0
calls=1 398 
* 74
376 3
+1 2
+1 6
+5 2
713 1
cfn=(42) update_active.constprop.0
calls=1 72 
* 213
+2 1
+2 1
1015 1
715 2
878 2
+7 2
+2 2
+4 2
+6 2
+2 1
706 2
-3 1
384 6
+5 2
+1 7
717 1
fi=(20)
987 1
-48 1
fe=(16)
717 1
fi=(20)
987 2
fe=(16)
717 6
+4 7
+78 1
-25 3
+92 2
+3 2
fi=(20)
+38 1
fe=(16)
-37 1
-89 2
+51 2

fn=(38)
398 3
+4 4
+3 3
+5 2
-5 1
+5 1
-5 1
+4 1
+1 1
+1 4
+1 4
+1 3
+1 2
+7 2
+2 5
+5 1
-5 1
+5 1
-5 1
+5 1
-5 2
+5 1
+7 1
-7 4
+7 1
+1 3
+6 1
-6 4
+6 1
fi=(17) ./elf/../sysdeps/unix/sysv/linux/x86/dl-minsigstacksize.h
24 2
+3 2
+1 2
+37 3
+7 1
+2 1
fe=(16)
457 3

fn=(42)
72 8
+4 1
+37 1
+4 1
-31 1
-1 1
-1 1
+25 1
-14 1
-10 1
-1 2
+25 1
-24 1
+19 1
-10 1
+9 1
+6 1
+7 1
-22 1
+9 1
+13 2
-4 1
-18 1
+22 1
-13 1
+9 1
+4 1
+5 1
-9 1
+9 2
-4 1
+4 2
+1 1
-28 1
+28 1
-19 1
+6 1
+3 1
+10 1
+2 1
-1 1
+6 1
-5 1
-1 2
+5 1
+2 1
-2 4
+1 1
+1 1
-1 2
+1 1
-1 1
+3 2
+1 4
+14 2
356 2
+4 3
fi=(18) ./elf/../sysdeps/unix/sysv/linux/x86/dl-hwcap2.h
25 2
fi=(19) ./elf/../sysdeps/x86/get-isa-level.h
+5 1
-2 1
+2 3
fe=(16)
369 1
+1 8
151 2
+1 2
-1 5
+1 2
+2 3
+90 1
+1 1
-1 2
+17 4
+16 2
+5 1
-1 2
+4 4
+4 2
+4 3
+1 2
+3 1
-1 1
+9 1
-5 1
+2 1
-2 1
+5 1
+51 1
fi=(19)
31 1
fe=(16)
356 2
fi=(19)
32 3
+4 3
fe=(16)
158 4
+3 1
+3 2
+14 1
+2 1
+10 3
-12 1
+12 1
-12 1
+2 2
-2 1
+2 1
+8 1
-8 1
+6 3
+2 1
-2 1
+2 3
+7 5
fi=(19)
39 2
+1 4
-2 1
+7 4
+2 1
+1 2
+3 5
+2 4
fe=(16)
171 1
-5 2
+4 1

fl=(32) ./string/../sysdeps/x86_64/multiarch/../multiarch/strcmp-sse2.S
fn=(94) strcmp
98 201
+33 201
+1 201
+2 201
+1 201
+21 201
+1 201
+1 151
+1 151
+1 137
+1 137
+1 137
+1 137
+17 137
+1 137
+1 137
+1 137
+1 137
+1 137
+1 137
+5 10
+1 30
+9 10
+1 10
+1 10
+1 10
+1 10
+1 10
+1 10
+1 10
-7 64
+1 64
+1 64
+1 64
+1 64
+1 64
+1 64
+1 64
+1 71
+1 25
+1 25
+1 25
+2 25
+1 25
+1 25
+1 25
+1 25
+1 25
-5 46
+1 46
+1 46
+1 46
+1 46
+1 46
+10 3
+1 3
+1 3
+2 3
+6 3
+1 3
+1 3
+1 3
+1 3
+5 3
+2 1
+1 1
+1 2
+8 1
+1 1
+3 1
+1 1
+1 1
+1 1
+1 1
+1 1
+31 6
+1 6
+1 6
+1 6
+1 6
+2 6
+1 6
+1 6
+1 6
+1 6
+1 6
+1 6
+1 6
+3 6
+1 6
+1 6
+6 6
+1 6
+1 12
+4 6
+1 6
+3 6
+1 6
+1 6
+2 6
+1 6
+1 6
+4 6
+1 6
+1 6
+1 6
+1 6
+1 6
661 1
+1 1
+1 1
+1 1
+1 1
+2 1
+1 1
+1 1
+1 1
+1 1
+1 1
+1 1
780 1
+1 1
+1 1
+1 1
+1 1
+2 1
+1 1
+1 1
+1 1
+1 1
+1 1
+1 1
899 6
+1 6
+1 6
+1 6
+1 6
+2 6
+1 6
+1 6
+1 6
+1 6
+1 6
+1 6
+1 5
+4 5
+1 5
+1 5
+6 5
+1 5
+1 10
+4 5
+1 5
+3 5
+1 5
+1 5
+2 5
+1 5
+1 5
+4 5
+1 5
+1 5
+1 5
+1 5
+1 5
+7 1
+1 1
+2 1
+1 1
+2 1
+1 1
+1 1
+2 1
+1 1
+1 1
+4 1
+1 1
+1 1
+1 1
+1 1
+1 1
+41 1
+1 1
+1 1
+1 1
+1 1
+2 1
+1 1
+1 1
+1 1
+1 1
+1 1
+1 1
+1 1
+4 1
+1 1
+1 1
+6 1
+1 1
+1 2
+4 1
+1 1
+3 1
+1 1
+1 1
+2 1
+1 1
+1 1
+4 1
+1 1
+1 1
+1 1
+1 1
+1 1
+69 3
+1 3
+1 3
+1 3
+1 3
+2 3
+1 3
+1 3
+1 3
+1 3
+1 3
+1 3
1256 5
+1 5
+1 5
+1 5
+1 5
+2 5
+1 5
+1 5
+1 5
+1 5
+1 5
+1 5
+1 1
+4 1
+1 1
+1 1
+6 1
+1 1
+1 2
+4 1
+1 1
+3 1
+1 1
+1 1
+2 1
+1 1
+1 1
+4 1
+1 1
+1 1
+1 1
+1 1
+1 1
+69 21
+1 21
+1 21
+1 21
+1 21
+2 21
+1 21
+1 21
+1 21
+1 21
+1 21
+1 21
+1 21
+4 21
+1 21
+1 21
+6 21
+1 21
+1 42
+4 21
+1 21
+3 21
+1 21
+1 21
+2 21
+1 21
+1 21
+4 21
+1 21
+1 21
+1 21
+1 21
+1 21
+69 5
+1 5
+1 5
+1 5
+1 5
+2 5
+1 5
+1 5
+1 5
+1 5
+1 5
+1 5
+1 3
+4 3
+1 3
+1 3
+6 3
+1 3
+1 6
+4 3
+1 3
+3 3
+1 3
+1 3
+2 3
+1 3
+1 3
+4 3
+1 3
+1 3
+1 3
+1 3
+1 3
+69 2
+1 2
+1 2
+1 2
+1 2
+2 2
+1 2
+1 2
+1 2
+1 2
+1 2
+1 2
+1 2
+4 2
+1 2
+1 2
+6 2
+1 2
+1 4
+4 2
+1 2
+3 2
+1 2
+1 2
+2 2
+1 2
+1 2
+4 2
+1 2
+1 2
+1 2
+1 2
+1 2
+7 1
+1 1
+2 1
+1 1
+2 1
+1 1
+1 1
+2 1
+1 1
+1 1
+4 1
+1 1
+1 1
+1 1
+1 1
+1 1
+41 7
+1 7
+1 7
+1 7
+1 7
+2 7
+1 7
+1 7
+1 7
+1 7
+1 7
+1 7
+1 5
+4 5
+1 5
+1 5
+6 5
+1 5
+1 10
+4 5
+1 5
+3 5
+1 5
+1 5
+2 5
+1 5
+1 5
+4 5
+1 5
+1 5
+1 5
+1 5
+1 5
+7 1
+1 1
+2 1
+1 1
+2 1
+1 1
+1 1
+2 1
+1 1
+1 1
+4 1
+1 1
+1 1
+1 1
+1 1
+1 1
+41 6
+1 6
+1 6
+1 6
+1 6
+2 6
+1 6
+1 6
+1 6
+1 6
+1 6
+1 6
+1 4
+4 4
+1 4
+1 4
+6 4
+1 4
+1 8
+4 4
+1 4
+3 4
+1 4
+1 4
+2 4
+1 4
+1 4
+4 4
+1 4
+1 4
+1 4
+1 4
+1 4
+69 7
+1 7
+1 7
+1 7
+1 7
+2 7
+1 7
+1 7
+1 7
+1 7
+1 7
+1 7
+2 2
+4 2
+1 2
+1 2
+6 2
+1 2
+2 4
+4 2
+1 2
+3 2
+1 2
+1 2
+2 2
+1 2
+1 2
+4 2
+1 2
+1 2
+1 2
+1 2
+1 2
+71 51
+2 51
+1 51
+1 51
+1 51
-3 23
+1 23
+1 23
+1 23
+1 50
+5 25
+6 25
+1 25
+8 25
+1 25
-16 176
+6 176
+1 176
+8 176
+1 176

fn=(242) strncmp
98 1
+27 1
+1 1
+1 1
+1 1
+1 1
+2 1
+1 1
+2 1
+1 1
+21 1
+1 1
+1 1
+1 1
+1 1
+1 1
+1 1
+1 1
+17 1
+1 1
+1 1
+1 1
+1 1
+1 1
+1 1
2104 1
+3 1
+1 1
+2 1
+1 1
+8 1
+1 1

fl=(14) ./elf/../sysdeps/unix/sysv/linux/brk.c
fn=(30) brk
36 1
fi=(230) ./elf/../sysdeps/unix/sysv/linux/brk_call.h
-12 2
fe=(14)
+13 1
+1 2
+6 1
+1 1

fl=(56) ./misc/../sysdeps/unix/sysv/linux/mmap64.c
fn=(180) mmap
47 12
+3 24
-3 72
+6 24
+5 72
+2 48
-7 29

fl=(64) ./io/../sysdeps/unix/sysv/linux/stat64.c
fn=(208) stat
28 4
+1 8
cfi=(65) ./io/../sysdeps/unix/sysv/linux/fstatat64.c
cfn=(210) fstatat
calls=2 146 
* 18

fl=(54) ./io/../sysdeps/unix/sysv/linux/fstat64.c
fn=(176) fstat
30 3
+9 12
+33 3

fl=(13) ./elf/./elf/dl-sort-maps.c
fn=(230) _dl_sort_maps
298 12
+8 1
-8 1
+8 2
+4 8
-99 1
-28 1
-2 1
+1 2
+29 1
-28 4
+1 1
-1 1
+1 1
-1 2
+1 3
-1 3
+1 3
-1 6
+28 15
+8 3
-3 1
+2 1
+1 2
-3 1
+5 13
+2 4
-83 20
cfn=(232) dfs_traversal.part.0
calls=4 -5 
* 126
+86 12
+18 4
+32 4
+7 1
+27 1
-47 3
cfi=(29) ./string/../sysdeps/x86_64/multiarch/memmove-vec-unaligned-erms.S
cfn=(82) memcpy
calls=1 -53 
* 11
* 1

fn=(232)
135 36
+10 4
-2 4
+2 8
+2 8
-7 6
+7 12
+9 8
+15 12
+1 4
+1 24

fn=(26) _dl_sort_maps_init
289 2
+1 2
-1 2
+1 2
cfi=(11)
cfn=(28)
calls=1 +97 
* 24
+2 3
-1 1
+2 2

fl=(77) ./elf/./elf/dl-lookup.c
fn=(268) _dl_lookup_symbol_x
772 684
+3 114
-3 342
+3 114
-3 456
fi=(78) ./elf/../sysdeps/generic/dl-new-hash.h
74 114
+3 228
-8 114
+1 228
+10 114
+1 228
-1 689
+1 1378
+20 756
-2 756
+6 756
-3 1512
+2 756
-30 756
+3 1512
fe=(77)
774 114
+1 114
+3 114
-4 114
+1 114
+7 438
+5 114
-2 114
+2 114
-2 114
+6 1631
+1 1596
cfn=(272) do_lookup_x
calls=114 347 
* 41843
* 342
+28 114
-23 342
+23 114
-23 228
+24 626
+7 107
-7 107
+35 428
+34 428
-20 321
+3 214
-57 114
+76 1026
fi=(78)
87 47
+1 47
+1 94
+1 47
fe=(77)
871 2
-72 42
+18 21
+11 28

fn=(274) check_match
70 1635
+3 650
+13 107
-13 107
+13 107
-13 107
+13 321
+3 402
cfi=(32)
cfn=(94)
calls=47 +9 
* 2436
* 94
+4 107
+1 214
+2 210
+19 210
+1 840
+45 107
+1 872
-18 4
+2 4
+1 2
-1 4
+1 6
-1 4
-29 315
cfi=(32)
cfn=(94)
calls=105 -19 
* 3648
* 210
-44 8
+5 4

fn=(272)
347 1026
+1 114
-1 456
+6 114
-6 114
+65 114
-58 114
+11 114
+50 114
-3 228
+3 228
-50 114
+50 456
-19 1092
+8 364
-4 364
+1 364
+3 1456
+1 728
+3 364
-3 364
+4 728
+4 728
-2 364
+5 1456
+3 2548
+99 777
358 732
+3 732
+4 744
+21 728
+4 728
+71 856
fi=(4) ./elf/../sysdeps/generic/ldsodefs.h
139 214
+1 321
fe=(77)
476 214
fi=(79) ./elf/../sysdeps/generic/dl-protected.h
29 428
fe=(77)
483 824
+16 214
+1 107
+22 107
-21 107
+21 749
-99 327
-1 218
+2 218
+2 109
+6 436
-6 109
+6 763
+7 405
-10 1210
+2 109
+1 327
-1 109
+1 218
-1 109
+1 109
+1 109
-1 109
+1 109
-1 763
cfn=(274)
calls=109 70 
* 12735
+4 327
+3 4
+31 16
+52 7
-1 7
+1 49
-35 24

fl=(27) ./elf/./elf/dl-minimal-malloc.c
fn=(74) __minimal_calloc
80 8
+4 8
-4 32
+7 8
+1 24
fi=(28) ./elf/../include/rtld-malloc.h
-32 8
cfi=(27)
cfn=(78) __minimal_malloc
calls=8 -20 
* 347
fe=(27)

fn=(140) __minimal_free
97 1
+2 4

fn=(78)
36 192
+1 72
+11 69
+3 23
-3 23
+3 46
-3 2
+3 1
-3 1
+3 90
+19 24
+1 24
+2 144
-17 8
+1 4
+2 2
+1 14
cfi=(56)
cfn=(180)
calls=2 -13 
* 52
* 2
+2 4
+2 8
cfi=(57) ./misc/../sysdeps/unix/sysv/linux/setvmaname.c
cfn=(182) __set_vma_name
calls=2 -31 
* 56
+1 6
+2 2
+4 2
-4 4
-24 1
-1 1
+1 1
+1 2
-2 2

fl=(30) ./elf/./elf/dl-load.c
fn=(134) expand_dynamic_string_token
385 18
241 4
385 2
241 2
cfi=(41) ./string/../sysdeps/x86_64/multiarch/../multiarch/strchr-sse2.S
cfn=(118) index
calls=2 32 
* 72
+3 4
410 2
-11 2
+11 12
-11 2
cfi=(43) ./string/./string/strdup.c
cfn=(136) strdup
calls=2 40 
* 180

fn=(130) fillin_rpath.isra.0
468 9
+4 1
-4 8
+6 3
cfi=(7) ./elf/./elf/dl-minimal.c
cfn=(132) strsep
calls=1 239 
* 240
* 3
cfi=(7)
cfn=(132)
calls=1 239 
* 8
* 6
+7 2
+2 3
cfn=(134)
calls=1 -98 
* 125
* 1
+4 2
+5 2
cfi=(22) ./string/../sysdeps/x86_64/multiarch/../multiarch/strlen-sse2.S
cfn=(62) strlen
calls=1 57 
* 17
* 1
+1 2
+7 5
+9 15
+1 8
fi=(28)
50 2
cfi=(27)
cfn=(140)
calls=1 +47 
* 5
+1 1
fe=(30)
528 4
+4 4
fi=(28)
56 1
cfi=(27)
cfn=(78)
calls=1 -20 
* 30
* 1
fe=(30)
534 2
+5 1
+1 2
-1 1
-1 1
+2 1
cfi=(29)
cfn=(124) mempcpy
calls=1 197 
* 13
+3 1
-3 1
+1 1
+2 1
+6 1
+1 1
-1 3
+1 5
+1 1
-1 1
+1 1
-1 3
+1 1
-1 2
+3 2
+1 3
+1 1
+6 2
+1 1
+3 3
-60 2
-22 2
+88 1
+3 8
-24 2

fn=(164) _dl_map_object
1967 36
+8 6
+1 12
+3 51
+5 49
+2 21
cfi=(51) ./elf/./elf/dl-misc.c
cfn=(166) _dl_name_match_p
calls=7 68 
* 769
* 14
+4 12
+1 18
+4 2
-1 10
+1 2
+1 2
-1 2
+1 4
cfi=(32)
cfn=(94)
calls=2 98 
* 50
* 4
2270 29
2011 6
-1 4
+9 2
-50 2
+50 4
+17 4
-2 2
+2 2
cfi=(41)
cfn=(118)
calls=2 32 
* 48
* 4
2202 2
-1 3
cfn=(134)
calls=1 385 
* 175
+6 1
-7 1
+1 1
+2 2
+4 7
cfn=(168) open_verify.constprop.0
calls=1 1572 
* 106
+3 2
-3 1
+3 1
+12 4
+45 1
+1 5
-1 1
+1 8
cfn=(174) _dl_map_object_from_fd
calls=1 944 
* 1940
-1 1
+1 5
-1 1
+1 8
cfn=(174)
calls=1 944 
* 2374
* 6
2040 2
cfi=(22)
cfn=(62)
calls=1 57 
* 17
* 2
+2 2
+7 4
+51 13
cfn=(206) open_path
calls=1 1812 
* 427
+6 1
-6 1
+6 2
2222 4
+46 2
682 1
2107 1
682 2
2135 2
cfi=(66) ./elf/./elf/dl-cache.c
cfn=(212) _dl_load_cache_lookup
calls=1 403 
* 1487
* 1
+2 2
+4 2
+31 1
-23 2
+23 7
cfn=(168)
calls=1 1572 
* 137
+4 2
-4 1
+4 1
+1 1
+17 2
2074 5
682 1
2075 1
682 3
2099 2
+1 2
-47 1
+1 1
696 5
2058 3
682 1
2059 1
682 2
2073 5
+1 2
+41 1
+14 2
+2 3
-47 2

fn=(168)
1572 40
+32 4
-32 8
+32 8
+19 16
cfi=(52) ./io/../sysdeps/unix/sysv/linux/open64_nocancel.c
cfn=(170) __open_nocancel
calls=4 28 
* 86
* 4
+2 8
+8 2
+1 4
+5 2
-5 2
+5 10
cfi=(53) ./io/../sysdeps/unix/sysv/linux/read_nocancel.c
cfn=(172) __read_nocancel
calls=2 25 
* 12
+2 4
+2 4
+2 4
+6 4
+17 26
+81 4
+5 4
+6 8
+6 4
+6 2
+1 2
-1 6
+1 6
+26 36
-22 13
+1 2
-1 1
+1 1
cfi=(69) ./io/../sysdeps/unix/sysv/linux/pread64_nocancel.c
cfn=(222) __pread64_nocancel
calls=1 25 
* 7
* 2
1668 3
-59 4
1777 2

fn=(174)
944 20
+15 2
-15 4
+15 2
-15 4
+15 4
+77 8
+10 4
+7 14
cfi=(26) ./elf/./elf/dl-object.c
cfn=(72) _dl_new_object
calls=2 59 
* 861
* 2
+1 4
+11 2
+5 2
-4 2
-1 2
+2 2
+2 2
-2 2
+2 4
+1 6
+1 2
+19 2
-2 1
+2 12
-2 1
+2 28
+10 2
-10 2
+10 6
+27 2
-33 2
-3 2
+2 2
-1 2
+35 2
+9 2
-50 2
+41 2
+9 2
-36 2
+63 10
-62 86
+26 56
+8 16
+1 8
-1 8
+1 32
+1 8
-1 8
+1 8
+2 8
-2 8
+2 8
+2 8
-4 8
+1 8
+3 8
-4 8
+4 40
+2 16
+13 16
+1 30
+5 6
+1 54
-28 12
-35 18
+62 2
+1 18
-28 4
-35 51
+1 127
1213 2
1100 2
1213 4
1100 6
1218 14
+10 6
+1 2
-1 2
+1 2
-1 6
+1 6
-1 6
+1 6
-1 18
1066 4
1235 4
+10 8
+7 8
fi=(58) ./elf/./dl-map-segments.h
28 2
fe=(30)
1252 6
fi=(58)
28 4
+1 16
cfi=(56)
cfn=(180)
calls=2 +18 
* 56
+73 4
-1 2
-72 2
+73 2
+3 4
+1 2
+2 2
-3 2
+1 2
+2 2
+17 2
-44 2
fi=(59) ./elf/./dl-load.h
+10 16
fi=(58)
+58 32
+6 2
+2 2
-2 2
+1 2
+2 4
-1 4
+3 4
+5 4
+3 6
+8 12
cfi=(42) ./string/../sysdeps/x86_64/multiarch/../multiarch/memset-vec-unaligned-erms.S
cfn=(128) memset
calls=2 -44 
* 287
* 2
+6 4
+12 8
-59 48
+2 24
+2 48
cfi=(56)
cfn=(180)
calls=6 -92 
* 126
* 12
fe=(30)
1264 2
fi=(55) ./elf/../sysdeps/posix/dl-fileid.h
37 4
cfi=(54)
cfn=(176)
calls=2 -7 
* 12
* 4
fe=(30)
989 4
fi=(55)
40 6
fe=(30)
989 2
fi=(55)
40 2
fe=(30)
989 23
+1 10
fi=(55)
49 12
fe=(30)
1519 18
1074 13
+1 2
-1 1
+1 1
-1 1
+1 1
cfi=(69)
cfn=(222)
calls=1 25 
* 7
* 2
+46 2
+1 1
-15 4
+7 2
+2 2
-2 2
+1 2
+1 2
-1 4
+1 16
+60 3
+5 1
-1 2
+5 1
-5 2
-66 1
+71 4
+1 1
+3 1
-3 1
+8 4
+15 4
+1 2
1008 4
1268 8
+1 6
fi=(60) ./elf/./elf/get-dynamic-info.h
39 4
+6 2
-2 2
+11 2
+1 2
-10 4
+8 3
+15 3
-23 12
+23 44
-23 176
+4 94
+3 13
-1 26
+3 40
+1 32
+1 10
+16 8
+12 7
+1 8
+1 8
+1 8
+1 7
+1 7
+1 7
+1 8
+12 2
+7 2
-7 14
+7 5
+5 2
+7 2
+1 6
+6 6
+1 3
+17 6
+5 2
+2 2
+2 2
+2 2
+4 6
+2 6
+1 4
+9 4
+6 4
+4 4
fe=(30)
1275 4
+1 4
+2 4
+10 6
+19 6
+2 12
+52 6
+1 2
+6 18
+1 42
+6 8
cfn=(88) _dl_process_pt_gnu_property
calls=2 868 
* 154
-7 52
+1 25
+6 25
-6 50
fi=(31) ./elf/../sysdeps/x86/dl-prop.h
149 8
fe=(30)
1380 4
cfi=(61) ./io/../sysdeps/unix/sysv/linux/close_nocancel.c
cfn=(192) __GI___close_nocancel
calls=2 25 
* 12
* 4
+13 4
+2 8
+2 4
+16 4
cfi=(8) ./elf/./elf/dl-setup_hash.c
cfn=(14) _dl_setup_hash
calls=2 25 
* 54
+4 4
+1 4
+17 4
+1 1
+3 1
+5 1
-5 1
+5 1
-5 1
+5 1
-5 1
+5 1
+5 4
+12 16
+10 4
+1 4
+5 2
cfi=(45) ./elf/../elf/dl-tls.c
cfn=(224) _dl_assign_tls_modid
calls=1 125 
* 12
+7 6
cfi=(26)
cfn=(84) _dl_add_to_namespace_list
calls=2 31 
* 106
+3 4
+4 4
cfi=(44) ./elf/./elf/dl-debug.c
cfn=(194) _dl_debug_update
calls=2 38 
* 14
* 2
+1 6
+22 14
+1 6
cfi=(47)
cfn=(196) _dl_audit_objopen
calls=2 77 
* 10
* 2
fi=(59)
92 4
+2 1
-1 1
+1 1
-1 1
+1 1
-1 1
+1 1
-1 2
+3 4
fi=(60)
-37 8
+3 8
+2 8
181 3
-22 2
fe=(30)
1510 4
1074 2
fi=(58)
186 8
cfi=(56)
cfn=(180)
calls=1 47 
* 21
+3 2
fe=(30)
1462 6
+2 1
-1 5
+1 1
-1 1
+1 1
-1 1
cfi=(32)
cfn=(94)
calls=1 98 
* 25
* 2
+2 5

fn=(106) _dl_init_paths
706 11
+14 1
-14 2
+14 2
cfi=(37) ./elf/./elf/dl-hwcaps.c
cfn=(108) _dl_important_hwcaps
calls=1 172 
* 1038
fi=(28)
56 1
fe=(30)
720 1
fi=(28)
56 1
cfi=(27)
cfn=(78)
calls=1 -20 
* 30
fe=(30)
725 1
+2 3
+8 2
-1 3
+5 3
fi=(28)
56 1
cfi=(27)
cfn=(78)
calls=1 -20 
* 30
fe=(30)
739 1
+2 4
+7 1
+8 1
+2 1
+12 2
-23 1
+9 1
+11 1
-4 1
-5 1
+3 2
+7 2
+2 2
-11 1
+11 3
-8 1
+4 1
+1 3
+1 16
cfi=(42)
cfn=(128)
calls=4 132 
* 56
+2 15
-14 3
+10 3
+4 9
-12 3
-2 3
+2 3
+4 3
-3 3
+3 3
+1 3
-2 3
+5 9
+1 6
+3 1
+15 1
-8 1
+5 1
-6 1
+9 2
+2 4
+2 3
+36 5
+2 2
cfi=(22)
cfn=(62)
calls=1 57 
* 17
* 9
-19 1
-2 1
+2 2
+19 9
cfi=(29)
cfn=(82)
calls=1 210 
* 11
* 1
+5 4
-1 2
+2 1
+1 2
-2 4
+1 13
+1 26
-2 52
+5 1
fi=(28)
56 1
cfi=(27)
cfn=(78)
calls=1 -20 
* 30
fe=(30)
836 1
fi=(28)
56 1
fe=(30)
838 2
+6 6
cfn=(130)
calls=1 468 
* 580
+3 3
+6 1
+4 8
-35 2
+5 2

fn=(202) _dl_dst_count
238 4
+3 2
-3 10
+7 2
-7 4
+3 2
cfi=(41)
cfn=(118)
calls=2 32 
* 72
+3 4
+20 18

fn=(88)
868 3
+8 3
-8 6
+8 3
-6 3
+12 6
-13 3
+13 3
-13 3
+13 6
+3 9
+1 6
+1 6
+3 9
+1 9
+4 3
+1 6
+22 3
+2 3
-2 6
+2 9
-20 10
+1 5
+3 10
+3 5
+1 20
fi=(31)
95 20
+7 10
+16 5
-3 10
254 6
+1 3
+2 12
+3 3
-8 4
+5 2
-4 2
+4 6
+3 2
-2 1
fe=(30)

fn=(206)
1812 8
+1 1
-1 3
+1 1
+6 2
+5 17
+67 2
-74 1
+7 3
+57 1
-65 1
+65 1
+10 2
-64 2
+8 6
+7 2
-11 1
+12 1
-1 4
cfi=(29)
cfn=(124)
calls=1 197 
* 13
+1 18
+3 4
+5 14
cfi=(29)
cfn=(124)
calls=2 197 
* 26
* 8
cfi=(29)
cfn=(124)
calls=2 197 
* 26
+3 4
+6 6
+3 14
cfn=(168)
calls=2 1572 
* 112
* 2
+2 6
+2 4
+93 9
-88 4
+1 14
+6 2
+2 4
-2 4
+2 2
cfi=(64)
cfn=(208)
calls=2 28 
* 30
* 2
+3 2
-3 4
+1 2
+9 8
+2 1
-2 1
+2 2
+44 8
+6 2
-2 1
+2 2
+3 3
1822 2
+2 2

fl=(20)
fn=(52) intel_check_word.constprop.0
123 48
-4 72
+10 24
-10 96
+10 48
-10 24
+10 24
-10 24
+10 24
+2 48
+71 48
fi=(21) ./elf/../bits/stdlib-bsearch.h
32 24
fe=(20)
202 120
-71 96
+2 60
+2 120
+8 120
+51 96
+22 48
fi=(21)
28 48
-1 96
+2 216
+2 168
+1 84
fe=(20)
+78 168
+3 324
fi=(21)
-78 264
-6 528
+2 480
+1 240
fe=(20)
+78 480
+15 12
246 144
fi=(21)
37 120
fe=(20)
155 36
+3 36
-6 12
+3 39
+9 18
+23 21
-32 63
+3 63
+4 58
+2 116
+3 84
+1 48
+1 48
+1 30
+2 11
+2 22
+6 14
+3 8
+1 12
-20 15
+12 4
+2 4
+1 4
-2 4
-1 4
+2 8
-2 4
+3 4
-2 12
+2 12
+11 2
-9 12

fn=(50)
255 24
-5 12
+17 12
-17 96
+11 12
+1 12
+5 36
+4 24
+34 96
-29 12
+3 24
-3 12
+3 36
cfn=(52)
calls=12 123 
* 4092
+2 24
+3 60
cfn=(52)
calls=12 123 
* 1272
+2 24

fn=(56)
571 11
+17 1
+1 1
+9 1
-12 1
+2 1
+2 1
+8 1
-11 1
+3 1
+11 2
-5 3
+17 1
+5 3
+4 2
770 5
+1 5
+4 2
+8 1
-1 1
+1 1
+1 1
+1 7
627 5
+3 6
-32 5
+75 4
+8 5
+2 2
-2 1
+6 3
+3 1
+1 5
-4 4
+21 2
-21 4
+2 1
+2 4
-4 1
+6 4
+3 2
+5 1
+2 2
+1 1
+1 1
-2 2
+1 1
-19 4
+46 2
+1 1
+1 2
+1 1
+25 3
630 3
+10 6
+14 2
+4 1
+3 1
+1 1
-4 2
+3 3
+6 4
-37 12
+7 6
-7 3
+7 2
+3 20
+5 2
+4 1
+1 1
-1 2
+1 1
+61 2
+7 1
+2 2
-16 1
+22 1
-6 2
+1 1
+5 1
-30 5

fl=(52)
fn=(170)
28 10
+3 5
-3 10
+3 30
+8 35
+2 6
-2 6
+2 4

fl=(53)
fn=(172)
25 2
+1 8
+1 2

fl=(50) ./setjmp/../sysdeps/x86_64/setjmp.S
fn=(160) __sigsetjmp
31 3
+2 3
+9 3
+1 6
+1 3
+4 3
+1 3
+1 3
+1 3
+1 3
+2 6
+2 3
+1 3
+1 3
+2 6
+2 3
+8 3
+3 3
+1 3
+7 3
+1 3

fl=(57)
fn=(182)
33 2
+2 7
-2 4
+7 1
-7 2
+7 1
-7 2
+7 1
-7 1
+7 1
cfi=(11)
cfn=(28)
calls=1 387 
* 24
* 3
+7 1
+2 6

fl=(25) ./elf/./elf/dl-environ.c
fn=(70) _dl_next_ld_env_entry
28 3
+1 3
+3 61
+13 51
-13 102
+2 106
+1 18
+5 2
-3 2
+3 2
+2 2

fl=(140) ./elf/./elf/dl-find_object.c
fn=(444) _dlfo_process_initial
474 2
+3 2
-3 6
+1 2
+3 4
+26 14
+1 6
+1 8
-1 16
+3 28
+3 24
-7 10
+27 2
-2 2
+2 6
-18 18
+3 6
-1 6
cfi=(141) ./elf/./dl-find_object.h
cfn=(442) _dl_find_object_from_map
calls=3 95 
* 189
+2 12

fn=(446) _dlfo_sort_mappings
536 1
+1 2
+3 4
+4 1
+1 1
-1 1
+1 2
-1 1
+1 1
-1 1
+1 6
+1 15
+3 2
-1 2
-3 9
+8 6
+1 4
-1 2
-13 4
+14 6
+1 4
-15 4
+17 1

fn=(440) _dl_find_object_init
561 2
+3 1
-3 3
+5 2
+13 1
cfn=(444)
calls=1 474 
* 81
+1 1
-1 1
+1 1
fi=(28)
56 1
cfi=(27)
cfn=(78)
calls=1 -20 
* 30
fe=(140)
580 1
fi=(28)
56 1
fe=(140)
582 2
+3 2
+5 1
+1 1
cfn=(444)
calls=1 474 
* 282
+3 3
+10 4
-37 2
cfi=(141)
cfn=(442)
calls=1 95 
* 68
* 1
+29 2
cfn=(446)
calls=1 -60 
* 80
+3 6
+2 1

fl=(22)
fn=(62)
57 15
+44 15
+1 15
+1 15
+1 15
+1 15
+1 15
+1 15
+2 15
+2 15
+31 15
+1 15
+1 15
+1 15
+1 15
+1 9
+2 9
+4 6
+1 6
+1 6
+1 6
+1 6
+1 6
+1 6
+1 6
+1 6
+1 6
+1 6
+1 6
+5 48

fl=(39) ./elf/./elf/dl-hwcaps_split.c
fn=(114) _dl_hwcaps_split_masked
51 80
-25 32
+36 5
-7 5
+7 35
-26 24
+5 27
cfi=(41)
cfn=(118)
calls=9 -9 
* 216
* 9
+1 18
+3 6
+11 12
+1 18
+1 12
-2 6
+1 9
+1 6
-28 24
+4 48
+1 12
-1 30
+24 3
+9 6
-5 3
-2 3
+2 21
-19 6
cfi=(22)
cfn=(62)
calls=3 +14 
* 51
* 6

fn=(120) _dl_hwcaps_split
25 5
+1 3
+21 1
-20 1
+20 3

fl=(23) ./elf/../misc/sbrk.c
fn=(64) sbrk
37 4
+3 1
-3 2
+21 2
+4 2
+16 5

fl=(43)
fn=(136)
40 18
+1 3
cfi=(22)
cfn=(62)
calls=3 +16 
* 87
* 3
fi=(231) ./string/../include/rtld-malloc.h
+15 6
cfi=(27)
cfn=(78)
calls=3 -20 
* 90
fe=(43)
-12 6
+3 9
+1 9
-1 3
cfi=(29)
cfn=(82)
calls=3 210 
* 41

fl=(41)
fn=(118)
32 15
+1 15
+1 15
+1 15
+1 15
+1 15
+1 15
+1 15
+1 15
+1 15
+1 15
+1 15
+1 15
+1 15
+1 15
+1 15
+1 15
+1 15
+1 13
+4 13
+1 13
+1 13
+1 13
+2 13
+4 2
+1 2
+1 2
+1 2
+1 2
+1 2
+1 2
+1 2
+1 2
+1 2
+1 2
+1 2
+1 2
+1 2
+1 2
+1 2
+1 2
+1 2
+1 2
+1 2
+1 2
+1 2
+1 2
+1 2
+52 2
+4 2
+1 2
+1 2
+1 2
+2 2

fl=(2) ./elf/./elf/rtld.c
fn=(152) handle_preload_list
869 11
+5 1
-5 2
+5 2
-4 3
+7 3
cfi=(48) ./string/../string/strcspn.c
cfn=(154) strcspn
calls=1 32 
* 240
* 1
+1 3
+9 1
183 1
889 2
183 2
891 2
-80 1
+5 1
-6 1
-4 1
+10 2
-6 1
+4 1
+2 2
-5 1
+1 1
+4 1
cfi=(49) ./elf/./elf/dl-catch.c
cfn=(156) _dl_catch_error
calls=1 254 
* 2754
+1 3
+8 3
+67 1
-18 2
+21 9
-15 4
cfi=(29)
cfn=(82)
calls=1 210 
* 19
+1 2

fn=(66) dl_main
1346 2
197 1
1346 11
199 1
302 1
+1 1
197 1
+99 3
1357 1
cfi=(24) ./elf/../sysdeps/nptl/dl-tls_init_tp.c
cfn=(68) __tls_pre_init_tp
calls=1 53 
* 17
2749 1
2538 1
2749 2
2598 1
+2 2
+15 1
-13 2
cfi=(25)
cfn=(70)
calls=1 28 
* 41
* 4
cfi=(25)
cfn=(70)
calls=2 28 
* 311
* 9
+4 6
-2 2
+2 6
+1 2
-1 6
+1 17
-1 89
+9 12
2727 3
1373 1
+1 2
-1 2
+1 2
2687 3
-47 2
+10 2
1637 9
cfi=(26)
cfn=(72)
calls=1 59 
* 210
* 1
+2 2
+1 3
+6 1
-5 2
+1 3
+4 1
cfi=(26)
cfn=(84)
calls=1 31 
* 42
+1 2
1116 1
-1 1
1351 1
1143 1
-21 2
+21 2
-19 1
+1 1
-3 1
+21 2
+57 1
-82 1
+25 1
-3 1
+4 1
+19 1
+37 4
-56 102
+56 4
-1 4
+1 8
-1 4
+2 8
+1 1
+2 12
+1 14
+4 8
+1 8
+1 4
+4 12
-72 27
1253 2
+1 22
+6 4
cfi=(30)
cfn=(88)
calls=1 868 
* 90
-7 26
+1 13
+6 13
-6 26
fi=(31)
235 4
+1 2
-87 4
fe=(2)
1148 1
-5 1
+5 2
-5 2
+30 1
-9 2
+2 1
-3 1
+10 2
+18 2
-38 2
-10 1
+10 1
+1 9
-11 2
+1 14
1247 1
1143 1
1247 2
1143 3
1266 4
+3 3
+2 3
1672 3
+2 2
-1 1
+1 1
+1 3
-2 2
cfi=(32)
cfn=(94)
calls=1 98 
* 25
* 2
+7 1
+3 1
-5 1
+3 1
+2 1
+1 2
+4 2
+2 2
fi=(3) ./elf/./get-dynamic-info.h
39 4
+4 1
+2 1
+9 1
+1 1
-10 2
+23 26
-23 104
+4 52
+3 6
-1 12
+3 24
+1 20
fe=(2)
1243 1
1143 1
1243 1
1143 2
fi=(3)
72 4
+43 2
+7 3
+1 4
+6 3
+18 4
+5 2
+2 2
+2 2
+2 2
+1 2
+3 4
+2 3
+1 2
+9 2
+6 2
+1 3
+3 3
fe=(2)
1698 4
+7 2
cfi=(8)
cfn=(14)
calls=1 25 
* 27
+3 2
fi=(33) ./elf/./setup-vdso.h
24 2
fi=(36) ./elf/./dl-main.h
+85 2
fi=(35) ./elf/../sysdeps/unix/sysv/linux/dl-vdso-setup.h
-64 1
fi=(36)
+64 3
cfi=(30)
cfn=(106)
calls=1 706 
* 2115
fe=(2)
1733 3
cfi=(44)
cfn=(142) _dl_debug_initialize
calls=1 56 
* 34
+7 1
-5 1
-2 1
+7 1
+4 1
+1 1
+2 1
-3 3
+1 2
+3 1
+11 1
-13 1
+13 1
+1 2
+5 1
-3 2
+2 1
+1 2
+5 3
+1 5
-1 2
224 1
+1 1
-1 1
+1 3
+1 2
1788 2
+5 1
-1 1
1352 1
1793 1
+24 1
cfi=(45)
cfn=(144) _dl_count_modids
calls=1 192 
* 6
* 1
fi=(46) ./elf/../sysdeps/generic/dl-debug.h
29 4
+1 1
fe=(2)
1823 1
+1 1
cfi=(44)
cfn=(148) _dl_debug_state
calls=1 116 
* 2
+1 1
+4 3
cfi=(47)
cfn=(150) _dl_audit_activity_map
calls=1 29 
* 17
+5 3
+2 1
+2 2
+9 2
+16 4
cfi=(62) ./io/../sysdeps/unix/sysv/linux/access.c
cfn=(198) access
calls=1 25 
* 9
* 2
+76 4
+16 3
85 1
1965 1
85 2
1965 1
85 1
1965 5
85 1
1965 2
cfi=(63) ./elf/./elf/dl-deps.c
cfn=(200) _dl_map_object_deps
calls=1 143 
* 7145
92 1
+9 1
1971 1
92 2
+9 2
1971 2
+1 6
-1 4
+1 6
-1 12
+4 3
+1 2
+1 1
+2 14
+1 6
+46 1
-42 2
+8 3
+1 2
+2 1
+2 3
+2 1
-4 1
+5 1
-1 2
+14 2
+1 2
+1 3
-25 1
+36 2
+2 1
-2 1
+2 2
-2 1
+1 2
+1 1
-1 2
+1 1
cfi=(49)
cfn=(234) _dl_receive_error
calls=1 186 
* 3811
+10 1
+1 1
-1 1
+1 1
+3 2
837 1
fi=(232) ./elf/../sysdeps/unix/sysv/linux/dl-osinfo.h
39 2
fe=(2)
839 1
fi=(232)
52 1
fe=(2)
848 1
+7 1
-5 1
2047 3
2246 2
+4 1
-4 1
+10 1
-6 1
+6 1
-6 1
+9 2
+8 2
fi=(31)
36 2
+1 3
+3 3
+13 6
-13 3
+9 6
-9 1
+9 16
+4 12
-16 12
+34 1
fe=(2)
2279 1
fi=(31)
71 1
cfi=(75) ./elf/../sysdeps/x86_64/dl-cet.c
cfn=(258) _dl_cet_check
calls=1 361 
* 55
fe=(2)
2282 1
-3 2
+5 1
-2 2
+2 2
+1 6
cfi=(76) ./elf/./elf/dl-reloc.c
cfn=(260) _dl_relocate_object
calls=1 207 
* 67988
85 2
2292 1
85 2
2292 1
+1 17
+2 8
+5 8
+2 8
+6 4
+2 8
+1 24
cfi=(76)
cfn=(260)
calls=3 207 
* 19710
+4 10
+1 2
-23 1
+23 1
cfi=(45)
cfn=(436) _dl_add_to_slotinfo
calls=1 1017 
* 28
-23 3
92 3
+1 1
2325 1
93 1
2325 1
+4 4
+2 1
+7 4
cfi=(45)
cfn=(438) _dl_allocate_tls_init
calls=1 523 
* 149
+3 2
+4 3
+2 2
+33 3
cfi=(146) ./elf/./elf/dl-call-libc-early-init.c
cfn=(462) _dl_call_libc_early_init
calls=1 27 
* 603
+7 1
cfi=(9) ./elf/../sysdeps/unix/sysv/linux/dl-sysdep.c
cfn=(478) _dl_sysdep_start_cleanup
calls=1 147 
* 2
+3 3
cfi=(47)
cfn=(480) _dl_audit_activity_nsid
calls=1 41 
* 11
+4 2
cfi=(44)
cfn=(194)
calls=1 38 
* 7
+1 1
-1 1
+2 1
cfi=(44)
cfn=(148)
calls=1 116 
* 2
+1 1
+4 1
cfi=(66)
cfn=(482) _dl_unload_cache
calls=1 525 
* 19
+5 8
2304 1
+1 1
-3 2
226 2
-2 1
+1 1
1773 1
+6 1
-6 2
+6 1
fi=(3)
56 5
+3 4
fi=(34) ./elf/../sysdeps/unix/sysv/linux/dl-vdso.h
-19 2
+1 5
fi=(35)
-11 1
+3 1
+3 1
+3 1
fi=(34)
+16 2
fi=(3)
+17 3
+12 3
+1 5
+1 5
+1 5
+1 4
+1 5
+1 5
+1 5
+12 2
+7 1
-7 7
+7 2
fe=(2)
1743 4
2357 1
cfi=(140)
cfn=(440)
calls=1 561 
* 581
+5 3
cfi=(7)
cfn=(448) __rtld_malloc_init_real
calls=1 76 
* 2479
+3 1
cfi=(144) ./elf/../sysdeps/nptl/dl-mutex.c
cfn=(456) __rtld_mutex_init
calls=1 30 
* 503
85 1
2371 1
+1 3
85 3
2372 2
cfi=(76)
cfn=(260)
calls=1 207 
* 1613
92 3
+9 3
2687 2
+2 1
+1 1
-1 1
+1 1
+1 1
2040 2
cfn=(244) init_tls
calls=1 734 
* 831
* 2
2650 2
+2 2
+1 1
fi=(3)
62 4
+2 4
fe=(2)
1943 10
85 1
1842 2
85 3
1842 2
cfn=(152)
calls=1 869 
* 3084
* 1
92 3
+9 3
1943 6
+1 1
-1 1
+4 3
+1 1
+1 2
+1 2
-7 2

fn=(244)
734 1
+6 1
-6 3
+2 2
+4 2
+11 1
fi=(28)
44 1
fe=(2)
746 1
+4 1
fi=(28)
44 1
cfi=(27)
cfn=(74)
calls=1 +36 
* 41
fe=(2)
761 1
-12 1
+6 1
-9 1
+11 1
+4 1
+2 3
-1 2
+3 8
+4 1
+2 1
-2 2
-5 1
-1 2
+10 3
+3 2
cfi=(45)
cfn=(246) _dl_tls_static_surplus_init
calls=1 97 
* 86
+3 1
cfi=(45)
cfn=(248) _dl_determine_tlsoffset
calls=1 216 
* 79
+7 1
cfi=(45)
cfn=(250) _dl_allocate_tls_storage
calls=1 417 
* 469
* 1
+1 2
+6 1
fi=(73) ./elf/../sysdeps/generic/dl-call_tls_init_tp.h
31 2
fe=(2)
793 1
fi=(73)
31 6
+2 1
cfi=(24)
cfn=(254) __tls_init_tp
calls=1 +35 
* 79
fe=(2)
800 1
-3 1
+3 4
-36 3
-1 7

fn=(2) _dl_start
517 16
85 1
547 4
85 1
543 1
fi=(6) ./elf/../sysdeps/x86_64/dl-machine.h
55 1
fe=(2)
+30 1
546 1
85 1
fi=(3)
-40 1
fe=(2)
546 1
fi=(3)
45 2
+23 18
-23 72
+4 36
+3 5
-1 10
+3 20
+1 16
+1 5
fi=(4)
+23 1
fi=(3)
+31 1
-38 3
+12 4
+1 3
+1 4
+1 4
+1 5
+1 3
+1 4
+1 4
+12 7
+7 2
-51 4
+64 3
+6 3
+1 3
+3 2
+1 3
+5 5
+3 5
fe=(2)
563 154
fi=(4)
79 1
fe=(2)
563 1
fi=(4)
79 2
fe=(2)
563 27
fi=(6)
287 3
fi=(5) ./elf/./elf/do-rel.h
49 1
fe=(2)
563 1
fi=(5)
50 1
-1 2
+4 1
-3 1
+3 4
+3 2
-7 1
fe=(2)
563 1
fi=(5)
50 1
-1 2
+4 1
-3 1
+3 4
+3 2
+7 3
+2 3
-2 6
fi=(6)
278 3
fi=(5)
64 6
fi=(6)
278 6
+9 24
+3 6
+1 6
+26 8
+6 2
fi=(5)
61 13
fe=(2)
563 6
fi=(5)
51 1
fi=(4)
+28 2
fi=(3)
-17 4
+2 4
fe=(2)
565 1
+13 1
cfi=(7)
cfn=(12) __rtld_malloc_init_stubs
calls=1 42 
* 10
458 2
85 1
476 2
85 3
476 1
cfi=(8)
cfn=(14)
calls=1 25 
* 27
+2 1
+16 2
-17 1
+11 1
-10 1
+16 1
cfi=(9)
cfn=(16) _dl_sysdep_start
calls=1 102 
* 154085
* 1
+2 2
+89 9
fi=(3)
103 3
fe=(2)

fn=(162) map_doit
641 2
+2 1
-2 4
+2 1
+1 2
-1 2
+1 3
cfi=(30)
cfn=(164)
calls=1 1967 
* 2643
* 1
+2 3

fn=(236) version_check_doit
674 2
+2 1
-2 4
+2 3
cfi=(72) ./elf/./elf/dl-version.c
cfn=(238) _dl_check_all_versions
calls=1 392 
* 3774
* 2
+4 3

fl=(38) ./elf/../sysdeps/x86_64/dl-hwcaps-subdirs.c
fn=(110) _dl_hwcaps_subdirs_active
29 1
fi=(19)
+2 1
fe=(38)
+7 1
fi=(19)
-8 4
fe=(38)
+22 1
fi=(19)
-20 3
+4 1
fe=(38)
+2 1
fi=(19)
-2 2
+3 4
+1 4
+5 1
fe=(38)
-7 1
fi=(19)
+7 3
fe=(38)
-2 1
fi=(19)
+5 2
+3 5
+2 4
fe=(38)

fl=(76)
fn=(260)
207 55
+1 10
+12 4
+4 16
-4 4
+6 12
+3 4
-1 4
+1 8
+22 20
+4 4
+7 6
fi=(6)
81 8
fi=(4)
-2 4
fe=(76)
301 8
fi=(4)
79 8
fe=(76)
301 9833
fi=(4)
79 1
fe=(76)
301 1
fi=(4)
79 2
fe=(76)
301 154
-80 8
fi=(6)
393 8
fe=(76)
190 4
+31 4
-31 4
fi=(6)
393 12
fi=(5)
49 4
fe=(76)
301 4
fi=(5)
50 4
+30 4
-31 8
+4 4
-3 4
+3 4
-3 4
+3 12
+27 8
-31 4
fe=(76)
301 4
fi=(5)
50 4
+30 4
-31 8
+4 4
-3 4
+3 4
-3 4
+3 12
+27 8
fe=(76)
301 24
fi=(5)
51 4
fi=(4)
+28 20
fi=(6)
730 8
+4 6
fe=(76)
304 20
+24 4
+3 8
+17 12
+2 40
-98 8
+3 4
+7 2
-9 2
+9 4
fi=(6)
81 4
fi=(5)
+33 24
+9 14
+1 2
fi=(6)
498 2
fi=(5)
124 2
fi=(6)
498 4
fi=(5)
124 11
fi=(6)
498 11
fi=(5)
124 11
fi=(6)
498 22
+5 26
+1 13
fi=(5)
123 13
fi=(6)
504 13
-5 13
fi=(5)
123 26
+3 24
+3 24
+2 21
fe=(76)
+59 6
fi=(5)
73 3
fe=(76)
190 3
fi=(5)
72 3
fe=(76)
190 27
fi=(5)
-57 6
+1 3
+1 3
-2 3
+2 3
+3 3
-5 3
+2 3
-2 3
+1 6
+2 3
-2 3
+2 9
+2 6
-5 340
+1 170
+1 170
-2 170
+2 170
+3 170
-5 170
+2 170
-2 170
+1 340
+2 170
-2 170
+2 510
+2 340
+9 126
fi=(6)
267 252
+7 252
+4 252
fe=(76)
170 504
fi=(4)
-30 333
fe=(76)
+31 222
+3 222
+8 208
-8 924
+12 202
-3 101
+1 101
+2 410
-3 3
+1 3
+2 116
+1 104
-1 104
+2 208
-1 416
+3 624
cfi=(77)
cfn=(268)
calls=104 772 
* 57807
+3 104
+1 208
-4 104
+4 520
fi=(6)
+93 441
+3 108
-3 339
+3 123
-3 123
+5 254
+25 756
423 24
fi=(5)
150 24
fi=(6)
423 200
fi=(5)
150 338
-19 701
+33 12
+1 64
+1 189
+3 94
+4 47
-1 47
-3 47
+2 94
+2 47
-2 94
fe=(76)
-1 188
fi=(6)
287 47
+3 47
-3 47
+4 94
476 94
+2 47
cfi=(15) ./elf/../sysdeps/x86/dl-get-cpu-features.c
cfn=(460) __x86_cpu_features
calls=1 71 
* 6
cob=(2)
cfi=(138)
cfn=(430)
calls=1 31 
* 21
cob=(2)
cfi=(137)
cfn=(426)
calls=1 33 
* 22
cob=(2)
cfi=(136)
cfn=(422)
calls=1 31 
* 18
cob=(2)
cfi=(135)
cfn=(420)
calls=1 29 
* 7
cob=(2)
cfi=(133)
cfn=(416)
calls=1 29 
* 23
cob=(2)
cfi=(132)
cfn=(412)
calls=1 29 
* 22
cob=(2)
cfi=(131)
cfn=(408)
calls=1 33 
* 17
cob=(2)
cfi=(130)
cfn=(404)
calls=1 29 
* 22
cob=(2)
cfi=(128)
cfn=(400)
calls=1 29 
* 24
cob=(2)
cfi=(127)
cfn=(396)
calls=1 29 
* 19
cob=(2)
cfi=(126)
cfn=(392)
calls=1 29 
* 25
cob=(2)
cfi=(99)
cfn=(388)
calls=1 31 
* 18
cob=(2)
cfi=(125)
cfn=(384)
calls=1 31 
* 21
cob=(2)
cfi=(124)
cfn=(380)
calls=1 29 
* 17
cob=(2)
cfi=(122)
cfn=(376)
calls=2 31 
* 20
cob=(2)
cfi=(120)
cfn=(372)
calls=1 29 
* 24
cob=(2)
cfi=(119)
cfn=(368)
calls=1 31 
* 25
cob=(2)
cfi=(118)
cfn=(364)
calls=1 31 
* 21
cob=(2)
cfi=(116)
cfn=(360)
calls=1 29 
* 17
cob=(2)
cfi=(115)
cfn=(358)
calls=1 60 
* 16
cob=(2)
cfi=(114)
cfn=(356)
calls=1 29 
* 7
cob=(2)
cfi=(112)
cfn=(352)
calls=1 31 
* 21
cob=(2)
cfi=(111)
cfn=(350)
calls=1 67 
* 21
cob=(2)
cfi=(109)
cfn=(346)
calls=2 31 
* 46
cob=(2)
cfi=(107)
cfn=(342)
calls=1 31 
* 19
cob=(2)
cfi=(106)
cfn=(338)
calls=1 30 
* 25
cob=(2)
cfi=(105)
cfn=(334)
calls=1 28 
* 25
cob=(2)
cfi=(103)
cfn=(330)
calls=1 29 
* 24
cob=(2)
cfi=(102)
cfn=(328)
calls=1 65 
* 19
cob=(2)
cfi=(99)
cfn=(322)
calls=2 31 
* 50
cob=(2)
cfi=(97)
cfn=(318)
calls=1 29 
* 22
cob=(2)
cfi=(95)
cfn=(314)
calls=1 31 
* 18
cob=(2)
cfi=(94)
cfn=(310)
calls=1 29 
* 25
cob=(2)
cfi=(93)
cfn=(306)
calls=1 29 
* 22
cob=(2)
cfi=(91)
cfn=(302)
calls=1 29 
* 22
cob=(2)
cfi=(90)
cfn=(298)
calls=1 29 
* 19
cob=(2)
cfi=(88)
cfn=(294)
calls=1 29 
* 24
cob=(2)
cfi=(86)
cfn=(290)
calls=1 30 
* 19
cob=(2)
cfi=(85)
cfn=(288)
calls=1 79 
* 19
cob=(2)
cfi=(84)
cfn=(286)
calls=1 29 
* 7
cob=(2)
cfi=(82)
cfn=(282)
calls=2 31 
* 50
cob=(2)
cfi=(80)
cfn=(278)
calls=1 86 
* 28
fi=(5)
165 47
fi=(6)
479 47
fi=(5)
165 100
-14 96
fi=(6)
460 6
+5 4
-1 6
+1 4
-1 2
cfi=(29)
cfn=(82)
calls=2 210 
* 22
+2 10
+1 4
-67 48
+2 64
+4 16
+9 16
-9 32
+9 16
fi=(5)
150 32
fi=(6)
320 32
+3 32
-36 75
fi=(5)
141 47
+1 47
-1 141
+2 47
fi=(6)
287 235
fe=(76)
175 63
+3 7
-1 7
+19 7
-18 14
fi=(6)
295 8
+1 12
+11 8
+7 4
cob=(2)
cfi=(85)
cfn=(288)
calls=1 79 
* 19
cob=(2)
cfi=(88)
cfn=(294)
calls=1 29 
* 24
cob=(2)
cfi=(126)
cfn=(392)
calls=1 29 
* 25
cob=(2)
cfi=(124)
cfn=(380)
calls=1 29 
* 17
* 16
fe=(76)
+42 20
+3 4
-3 4
+3 4
+4 8
+1 16
cfi=(139) ./misc/../sysdeps/unix/syscall-template.S
cfn=(434) mprotect
calls=4 117 
* 24
* 8
-63 6
fi=(5)
180 7
fe=(76)
+10 2
fi=(5)
73 1
fe=(76)
190 3
fi=(6)
436 7
fi=(5)
182 2
+1 2
-1 1
+3 1
-3 4
+3 2
-3 10
+1 10
-1 5
+3 5
-3 20
+3 10
+8 6
fi=(6)
+74 12
+7 12
+4 12
fe=(76)
170 24
fi=(4)
-30 18
fe=(76)
+31 12
+3 12
+8 12
-8 54
+12 12
-3 6
+1 6
+2 36
+4 24
-4 6
+4 18
cfi=(77)
cfn=(268)
calls=6 772 
* 2977
+3 6
+1 12
-4 6
+4 30
fi=(6)
+93 20
+3 2
-3 6
+3 2
-3 2
+5 4
+25 36
423 6
fi=(5)
196 18
-16 24
+31 7
fe=(76)
-33 7
-3 21

fl=(141)
fn=(442)
95 8
+1 8
+1 4
+6 20
+1 119
+1 82
+2 12
+5 4

fl=(7)
fn=(12)
42 1
+1 2
+1 2
+1 2
+1 2
+1 1

fn=(452) lookup_malloc_symbol
61 8
+3 4
-3 12
+3 4
-3 12
+3 4
-3 4
+2 4
+1 16
cfi=(77)
cfn=(268)
calls=4 772 
* 2196
+4 28
+1 28
+2 4
fi=(143) ./elf/./dl-sym-post.h
-30 8
+12 12
fe=(7)
+19 24

fn=(132)
239 2
+3 4
+2 2
+1 4
+4 3
-2 2
+4 28
+5 84
-2 56
+13 1
+4 4
-22 14
+15 14
-15 30

fn=(448)
76 2
+10 1
fi=(142) ./elf/../sysdeps/generic/dl-hash.h
-41 1
-1 1
fe=(7)
+32 8
+11 1
-1 1
fi=(142)
-43 1
+5 3
+14 4
-17 3
+3 15
+14 20
-17 15
fe=(7)
+46 2
fi=(142)
-24 1
fe=(7)
+22 1
+2 2
fi=(142)
-19 1
fe=(7)
+19 1
cfn=(452)
calls=1 -30 
* 574
+1 3
-1 1
+1 1
cfn=(452)
calls=1 -31 
* 563
+1 3
-1 1
+1 1
cfn=(452)
calls=1 -32 
* 648
+1 3
-1 1
+1 1
cfn=(452)
calls=1 -33 
* 583
+5 1
+1 1
+1 1
+1 1
+1 8

fl=(145) ./elf/./elf/dl-lookup-direct.c
fn=(458) _dl_lookup_direct
74 30
+2 3
-2 6
+4 3
-4 3
+2 3
+2 9
+37 3
-37 9
+1 6
+2 12
+3 25
+2 6
-54 3
+54 3
-54 3
+54 3
-54 9
+1 9
+2 6
+1 6
+12 9
+3 3
+2 6
-2 3
+2 9
cfi=(32)
cfn=(94)
calls=3 +45 
* 209
* 6
+4 6
+1 3
-1 3
+1 18
+1 9
cfi=(32)
cfn=(94)
calls=3 +39 
* 198
* 6
+57 27
-23 6

fl=(49)
fn=(234)
186 2
58 1
186 4
+2 1
-2 1
58 1
+1 1
+11 1
192 1
+2 1
cfi=(2)
cfn=(236)
calls=1 674 
* 3789
69 2
+1 1
198 1
-1 1
+1 3

fn=(158) _dl_catch_exception
204 18
58 3
204 6
+3 6
+22 3
-1 3
+1 3
58 6
235 9
cfi=(50)
cfn=(160)
calls=3 31 
* 72
* 9
+2 9
cfi=(63)
cfn=(204) openaux
calls=2 61 
* 5400
cfi=(2)
cfn=(162)
calls=1 641 
* 2662
69 3
+1 3
-1 3
+1 3
239 12
-25 3
+34 9
59 6
+11 9

fn=(156)
254 6
+2 1
-2 6
+2 1
cfn=(158)
calls=1 -52 
* 2728
+1 2
+1 1
+1 1
-1 1
+1 1
+2 6

fl=(15)
fn=(460)
71 1
-32 3
+32 2

fn=(34) _dl_x86_init_cpu_features
37 1
+2 3
+2 1
cfi=(16)
cfn=(36)
calls=1 682 
* 7335

fl=(70) ./malloc/./malloc/scratch_buffer_set_array_size.c
fn=(226) __libc_scratch_buffer_set_array_size
30 26
+4 2
+1 4
+10 4
+18 2
-17 2
+17 10

fl=(37)
fn=(108)
172 6
+3 1
-3 3
+3 1
-3 5
+2 1
cfi=(38)
cfn=(110)
calls=1 29 
* 40
+1 1
fi=(40) ./elf/./dl-hwcaps.h
43 1
fe=(37)
174 1
fi=(40)
45 2
+32 1
+1 1
+1 1
fe=(37)
-27 2
cfi=(39)
cfn=(114)
calls=1 -1 
* 23
* 2
fi=(40)
-9 1
+2 1
-2 1
+34 2
+1 2
+1 1
fe=(37)
-24 1
-1 1
+1 1
+1 1
+1 1
-5 2
cfi=(39)
cfn=(114)
calls=1 -1 
* 30
* 2
cfi=(39)
cfn=(114)
calls=1 -1 
* 199
* 4
+48 4
fi=(28)
-44 2
cfi=(27)
cfn=(78)
calls=1 -20 
* 30
fe=(37)
+46 2
-2 1
+2 1
+3 1
+3 1
fi=(40)
-65 1
+2 1
fe=(37)
+67 1
fi=(40)
-66 1
fe=(37)
+66 2
cfi=(39)
cfn=(120)
calls=1 -87 
* 13
* 2
fi=(40)
-69 1
+2 1
-2 1
+34 2
+1 2
+1 1
fe=(37)
+48 5
+1 2
+1 1
+1 1
-1 1
-4 2
cfi=(39)
cfn=(114)
calls=1 -74 
* 30
* 2
cfi=(39)
cfn=(114)
calls=1 -74 
* 199
* 4
+8 3
+9 3
+47 1
-4 2
+4 2
-3 1
+7 1
-7 2
+7 1
fi=(28)
56 1
cfi=(27)
cfn=(78)
calls=1 -20 
* 30
* 1
fe=(37)
194 2
+8 1
fi=(40)
43 1
fe=(37)
201 1
80 1
fi=(40)
-35 1
fe=(37)
+35 1
202 1
fi=(40)
77 1
+1 1
fe=(37)
202 3
fi=(40)
79 1
fe=(37)
-2 2
cfi=(39)
cfn=(114)
calls=1 -26 
* 23
* 2
fi=(40)
-34 1
+2 1
fe=(37)
+35 2
fi=(40)
-37 1
+34 2
+1 2
+1 2
fe=(37)
+1 2
+7 1
-7 4
cfi=(29)
cfn=(124)
calls=1 197 
* 13
+4 1
+2 1
+2 1
-2 2
-9 2
cfi=(39)
cfn=(114)
calls=1 -26 
* 30
* 2
cfi=(39)
cfn=(114)
calls=1 -26 
* 199
* 4
213 2
-5 1
+1 1
-1 1
+5 1
+3 9

fl=(42)
fn=(128)
132 7
+1 35
+5 7
+1 7
+3 2
+1 2
244 2
+1 2
+12 2
+3 2
+1 2
+12 2
+1 2
+13 2
+1 2
+2 2
+3 1
+3 2
+3 1
+1 1
+1 1
+1 1
+1 1
+1 1
+1 1
-6 34
+1 34
+1 34
+1 34
+1 34
+1 34
+1 34
+3 2
+1 2
+1 2
+1 2
+5 2
+34 5
+2 5
+1 5
+39 5
+1 5
+2 5

fl=(48)
fn=(154)
32 6
+1 3
+1 2
+5 6
+1 4
+1 4
+1 4
+2 1
+3 3
+1 2
-1 6
+1 4
+3 4
+1 4
+1 4
+1 4
+2 3
+6 1
-1 1
+1 1
+2 2
-1 2
+2 1
+2 6
-5 11
-1 11
+1 11
+2 22
-1 22
+2 11
+2 66
+2 1
+1 3
+1 2
-1 1
+1 1

fl=(51)
fn=(166)
68 98
+1 28
cfi=(32)
cfn=(94)
calls=14 +29 
* 440
* 28
+3 14
+2 28
+6 15
-6 30
+1 54
cfi=(32)
cfn=(94)
calls=18 +23 
* 592
* 36
+8 3
-13 3
+13 20
-1 11
+1 33

fn=(214) _dl_sysdep_read_whole_file
36 2
+3 1
-3 7
+3 1
-3 2
+3 1
cfi=(52)
cfn=(170)
calls=1 -11 
* 20
+1 2
+23 8
-21 4
cfi=(54)
cfn=(176)
calls=1 -12 
* 6
* 2
+2 2
+3 2
+13 2
cfi=(61)
cfn=(192)
calls=1 -35 
* 6
* 1
-11 6
cfi=(56)
cfn=(180)
calls=1 -2 
* 26
* 2

fl=(26)
fn=(72)
59 45
+3 6
+18 4
+3 2
cfi=(22)
cfn=(62)
calls=2 -26 
* 52
+4 2
-4 2
+4 2
+5 2
-9 6
fi=(28)
-39 4
cfi=(27)
cfn=(74)
calls=2 +36 
* 183
fe=(26)
+39 1
fi=(28)
-39 2
cfi=(27)
cfn=(74)
calls=1 +36 
* 47
* 3
fe=(26)
+51 6
+5 3
+4 3
-6 3
+2 3
+4 3
-5 3
+4 3
+1 3
-1 3
+1 6
cfi=(29)
cfn=(82)
calls=3 210 
* 44
* 3
+15 3
-15 3
+2 3
+13 6
+6 1
+2 7
+3 2
-3 14
+3 4
+2 3
+4 3
+3 10
+2 12
-2 8
+2 8
-2 16
+16 6
-5 3
+5 3
-6 3
+6 3
-6 3
+6 6
+2 4
+3 4
-3 4
+7 8
+4 6
+8 1
+13 1
-10 2
+10 5
-10 4
+10 6
+2 2
cfi=(22)
cfn=(62)
calls=2 57 
* 70
+21 2
-21 6
+17 2
-13 6
+50 6
cfi=(29)
cfn=(124)
calls=2 -48 
* 34
* 2
+5 4
+1 4
-1 80
+1 80
+4 4
+1 2
+3 2
+4 27
131 6
-8 2
-4 4
+34 1
+7 4
+8 8
fi=(28)
56 4
cfi=(27)
cfn=(78)
calls=2 -20 
* 60
* 2
fe=(26)
200 4
-1 4
64 2
+2 3
+1 2
+4 6
+6 2

fn=(84)
31 12
+2 3
-2 6
+2 3
-2 9
+2 3
cfi=(24)
cfn=(86) rtld_mutex_dummy
calls=3 +9 
* 9
+2 26
+3 20
+2 2
+2 2
+4 2
+4 2
-4 4
+1 4
+1 4
+3 10
-1 2
cfi=(24)
cfn=(86)
calls=2 -8 
* 6
-4 1
+4 1
-4 2
+1 2
+1 2
+3 5
-1 1
cfi=(24)
cfn=(86)
calls=1 -8 
* 3
-5 2

fl=(63)
fn=(204)
61 12
+7 2
-4 6
+1 2
-1 14
cfi=(30)
cfn=(164)
calls=2 1967 
* 5356
* 2
+5 6

fn=(200)
143 4
+1 2
-1 1
+1 1
-1 2
+1 1
-1 1
+1 1
-1 4
+1 3
-1 1
+1 7
-8 1
+8 2
-8 1
-6 1
-2 1
+16 1
-8 1
-7 1
+1 1
+6 1
+24 4
-28 3
-2 1
+31 1
-33 2
+2 2
+30 2
-30 1
-1 4
+7 4
+24 3
+28 3
-6 1
+46 1
fi=(71) ./elf/../include/scratch_buffer.h
77 1
fe=(63)
+87 1
fi=(71)
-87 1
+1 1
fe=(63)
184 1
+44 4
-31 1
-4 1
+4 5
-4 3
+4 6
+11 12
-18 2
+18 4
417 8
+2 2
+3 2
-3 6
+3 2
-3 2
fi=(28)
56 2
cfi=(27)
cfn=(78)
calls=2 -20 
* 60
fe=(63)
423 6
fi=(28)
56 2
fe=(63)
423 2
+6 2
+1 10
cfi=(29)
cfn=(82)
calls=2 210 
* 22
+1 10
cfi=(29)
cfn=(82)
calls=2 210 
* 22
+3 2
+1 4
+4 12
188 6
442 9
-1 4
+1 8
183 6
+27 8
+7 2
+4 2
-6 2
+1 2
+1 2
+1 4
+3 6
-2 2
-29 10
+32 112
+6 8
cfi=(30)
cfn=(202)
calls=2 +10 
* 118
* 6
+4 4
-2 2
+2 4
cfi=(49)
cfn=(158)
calls=2 -28 
* 5532
+1 4
+9 2
+2 4
+5 10
+6 2
+2 2
-8 4
+3 2
+1 2
+1 2
+1 2
+4 2
-3 2
+3 6
+4 6
+1 3
-43 230
+7 4
+38 162
fi=(71)
85 3
fe=(63)
448 5
+1 1
+3 4
+11 5
fi=(28)
56 1
cfi=(27)
cfn=(78)
calls=1 -20 
* 30
fe=(63)
465 3
fi=(28)
56 1
fe=(63)
465 1
+5 2
+1 1
-1 3
+4 3
-2 2
+13 3
+5 3
-16 9
+11 3
-7 3
+7 3
-2 6
-5 1
+7 1
-2 2
+2 1
-11 1
+11 1
+5 1
-16 3
+21 3
+37 2
+15 2
-14 2
+20 1
-1 4
+1 4
-1 5
cfi=(13)
cfn=(230)
calls=1 298 
* 277
+5 1
+2 1
+1 1
+1 2
-2 1
+2 1
+7 3
+3 2
+3 8
198 25
+3 2
fi=(71)
-70 8
cfi=(70)
cfn=(226)
calls=2 30 
* 50
fe=(63)
+70 6
+4 4
547 4
cfi=(29)
cfn=(82)
calls=1 210 
* 11
* 3
-53 2
144 2

fl=(11)
fn=(58)
153 15
-81 40
+81 15
-81 10
+10 5
fi=(233) ./elf/./dl-tunable-types.h
+2 5
fe=(11)
+9 40
+1 25
fi=(12) ./elf/./elf/dl-tunables.h
+47 10
fe=(11)
-26 25
+1 5
+1 5
+1 5
+39 15
fi=(12)
-15 10
fe=(11)
-45 10
+3 5
fi=(12)
+51 5
fe=(11)
-51 5
+4 10
+7 10
+1 10
-12 25

fn=(28)
387 37
+3 74
-3 37
+3 296
+9 34
-9 68
+19 22
+7 222
+2 37
-19 15
+1 15
+9 6

fn=(22) __GI___tunables_init
261 8
+22 1
-22 1
128 1
283 1
-22 1
+6 4
42 270
+6 53
-3 53
+3 5281
+4 106
+4 106
fi=(12)
160 53
fe=(11)
56 106
fi=(12)
161 36
-1 161
+1 195
-1 106
fe=(11)
281 8692
+6 15741
fi=(12)
160 530
+1 1060
-1 41
+1 164
-1 205
fe=(11)
304 8

fl=(44)
fn=(142)
56 3
+3 2
+4 1
+22 1
+10 1
-32 2
+1 1
+21 2
+5 2
+1 1
+4 1
-4 1
-1 1
+2 1
+3 1
+4 2
+8 2
-50 1
+4 2
+35 6

fn=(194)
38 3
+3 3
-1 6
+4 6
+4 3

fn=(148)
116 2
+1 2

fl=(146)
fn=(462)
27 1
+2 2
-2 1
+6 3
-6 3
+6 1
-6 2
+6 1
cfi=(145)
cfn=(458)
calls=1 +41 
* 225
+4 2
+2 3
+2 1
-1 1
-1 1
+2 2
-1 1
cob=(2)
cfi=(147)
cfn=(464)
calls=1 -7 
* 353

fl=(154) ./elf/./elf/dl-init.c
fn=(496) call_init.part.0
26 48
+17 4
+3 4
-3 8
+3 8
+5 6
+8 9
+1 6
cob=(3)
cfi=(152)
cfn=(498)
calls=1 -60 
* 7
+3 3
+1 6
+6 4
+2 4
-2 2
+3 13
+1 4
cob=(2)
cfi=(159)
cfn=(516)
calls=1 545 
* 12
* 8
cob=(2)
cfi=(156)
cfn=(508)
calls=1 -28 
* 72
cob=(4)
cfi=(155)
cfn=(502)
calls=1 -74 
* 12
-1 9
+3 32
-29 2

fn=(494) _dl_init
81 13
+1 1
+1 1
+3 3
+8 2
+25 1
+1 8
+1 8
-92 8
+6 12
+2 17
+83 6
cfn=(496)
calls=3 -94 
* 206
* 6
+7 8
-98 2
+60 2
-54 3
+2 7
cfn=(496)
calls=1 -11 
* 77
* 2

fl=(139)
fn=(434)
117 20
+5 4

fn=(484) munmap
117 5
+5 1

fl=(144)
fn=(456)
30 2
+10 3
-10 3
+10 1
-10 1
+10 1
-10 1
+7 1
+3 2
cfi=(145)
cfn=(458)
calls=1 +34 
* 233
+4 2
+1 8
+2 3
-2 1
+2 3
cfi=(145)
cfn=(458)
calls=1 +27 
* 223
+4 2
+1 7
+1 6

fl=(75)
fn=(258)
361 8
-76 1
-10 2
+2 2
-1 1
+6 1
+3 1
+8 1
-11 1
+1 1
-1 1
+1 1
-1 1
+1 1
+10 4
+3 1
+4 2
+2 2
-1 1
+2 2
+2 2
-1 2
+4 1
+2 1
+3 2
145 2
+12 2
+16 1
+6 1
363 6

fn=(490) _dl_cet_setup_features
331 1
+3 2
+16 1

fl=(61)
fn=(192)
25 3
+1 12
+1 3

fl=(65)
fn=(210)
146 4
-55 4
+70 5
+1 1
-2 2
+1 2

fl=(62)
fn=(198)
25 1
+2 7
+4 1

fl=(47)
fn=(196)
77 2
+1 8

fn=(540)
118 1
+1 4

fn=(150)
29 2
+2 1
-2 5
+1 1
+1 2
+6 6

fn=(480)
41 1
+4 4
+1 1
+1 5

fl=(8)
fn=(14)
25 4
+3 4
-3 4
+3 8
+3 12
+1 8
+2 4
-1 4
+3 12
+1 4
+1 8
+7 4
-5 4
-2 4
+3 8
+2 4
+2 8
+5 4

fl=(1) ???
fn=(0) 0x000000000001f540
0 2
cfi=(2)
cfn=(2)
calls=1 517 
0 154758
0 8
cfi=(75)
cfn=(490)
calls=1 331 
0 4
0 10
cfi=(154)
cfn=(494)
calls=1 81 
0 393
0 3
cob=(5)
cfi=(160)
cfn=(520) (below main)
calls=1 0 
0 385647655

fl=(69)
fn=(222)
25 4
+1 8
+1 2

fl=(29)
fn=(82)
210 17
+1 17
+6 17
+1 17
+2 9
+1 9
+1 9
+2 6
+1 6
+1 6
+2 6
+80 8
+1 8
+2 1
+4 1
+1 1
+1 1
+1 1
+1 1
+4 1
+2 1
+39 7
+1 7
+1 7
+1 7
+1 7
+7 3
+1 3
+1 3
+1 3
+1 3
+1 3
+1 3
+11 3
+1 3
+2 3
+1 3
+1 3

fn=(124)
197 10
+1 10
+1 10
+1 10
+17 10
+1 10
+2 4
+1 4
+1 4
+2 3
+1 3
+1 3
+2 3
+80 6
+1 6
+2 1
+4 1
+1 1
+1 1
+8 1
+39 5
+1 5
+1 5
+1 5
+1 5
+7 1
+1 1
+1 1
+1 1
+1 1
+1 1
+1 1
+11 1
+1 1
+2 1
+1 1
+1 1

fl=(72)
fn=(238)
392 7
+4 5
-2 1
+4 24
cfn=(240) _dl_check_map_versions
calls=4 155 
* 3702
-2 4
+2 12
-1 4
-1 8
+5 7

fn=(240)
155 40
+15 12
+2 20
+2 4
+1 4
+2 8
+3 4
-16 4
+20 2
-4 2
-24 2
+28 14
+16 4
36 2
200 2
36 14
+1 5
-1 10
+2 21
cfi=(51)
cfn=(166)
calls=7 +30 
* 664
* 16
208 6
+5 2
fi=(234) ./elf/../sysdeps/generic/_itoa.h
76 6
fe=(72)
213 4
+4 4
+1 4
-1 4
+4 2
-3 2
+3 2
-3 6
-1 8
+1 8
-1 8
+4 4
-3 4
+3 4
-3 27
56 24
+8 18
+6 18
+16 6
+1 12
+2 6
+5 42
+14 114
+12 153
+4 51
-30 102
231 24
+3 18
+5 4
-24 4
110 6
+3 30
cfi=(32)
cfn=(94)
calls=6 -15 
* 216
* 18
224 18
+4 4
+15 6
+14 10
+3 4
+3 14
+3 8
+4 2
-7 8
+3 6
+4 44
-7 176
+3 134
+8 6
+6 6
fi=(28)
44 3
fe=(72)
280 6
fi=(28)
44 3
cfi=(27)
cfn=(74)
calls=3 +36 
* 123
fe=(72)
281 6
-2 3
fi=(28)
44 3
fe=(72)
281 3
+13 3
-3 3
+3 12
+2 6
+3 8
+4 6
+7 6
+1 6
-1 18
+1 6
+1 6
-2 6
+2 12
+1 18
+3 18
+5 4
-15 4
+2 4
-2 4
+2 4
-2 4
+2 8
-2 2
+2 2
-2 2
+2 2
-2 2
+2 4
+16 6
+10 4
+3 4
+4 46
+6 46
+1 46
+1 46
-1 138
+1 46
-1 46
+1 46
+1 46
+3 138
+4 46
-14 96
+10 6
+12 4
+1 4
+1 4
+1 2
+19 36
164 2
-8 2
257 5
+17 3
+60 2
-40 2
+76 4
+2 4
+4 2
-4 120
+1 60
+2 1
+1 2
-1 1
+1 1
cfi=(32)
cfn=(242)
calls=1 98 
* 32
* 2

fl=(9)
fn=(478)
147 1
+1 1

fn=(16)
102 5
+4 1
-4 1
+1 1
+3 1
cfn=(18) _dl_sysdep_parse_arguments
calls=1 -28 
* 453
+4 2
cfi=(11)
cfn=(22)
calls=1 261 
* 32984
+3 1
cfi=(13)
cfn=(26)
calls=1 289 
* 38
+2 2
cfi=(14)
cfn=(30)
calls=1 -79 
* 8
fi=(6)
220 1
cfi=(15)
cfn=(34)
calls=1 37 
* 7340
fe=(9)
-98 3
+1 1
cfi=(22)
cfn=(62)
calls=1 -66 
* 17
* 1
+2 2
cfi=(23)
cfn=(64)
calls=1 -88 
* 16
* 3
+12 3
+3 5
cfi=(2)
cfn=(66)
calls=1 1346 
* 113192
+3 4

fn=(18)
78 1
+2 1
-2 6
+1 1
+1 1
-1 1
+2 2
+2 1
-2 1
+2 2
-1 1
+1 2
-1 52
+1 104
+7 56
fi=(10) ./elf/../sysdeps/unix/sysv/linux/dl-parse_auxv.h
-49 1
fe=(9)
+45 1
fi=(10)
-54 1
fe=(9)
+54 1
fi=(10)
-54 1
+1 1
+1 1
+7 3
+1 44
+1 22
-2 22
+2 22
-2 67
fe=(9)
+52 3
+1 1
+1 2
fi=(10)
-49 1
+1 1
fe=(9)
+46 1
fi=(10)
-45 1
+3 1
+1 1
+1 1
+1 1
+2 1
-5 1
-4 1
+1 1
+4 1
+1 1
+3 1
-7 1
-4 1
+1 1
+8 1
fe=(9)
+40 1
-1 1
+2 1
+1 6

fl=(24)
fn=(254)
68 2
fi=(235) ./elf/../include/list.h
-24 1
fe=(24)
+24 3
fi=(235)
-25 1
fe=(24)
+26 1
+3 1
fi=(235)
-29 1
+1 1
+1 1
+2 1
fe=(24)
+28 4
+1 2
+1 1
+5 2
+5 1
+6 1
-3 1
+3 1
-6 3
+6 1
+12 4
cfi=(11)
cfn=(28)
calls=1 387 
* 24
fi=(74) ./elf/../sysdeps/unix/sysv/linux/rseq-internal.h
-73 3
+8 1
fe=(24)
+81 3
+7 2
+1 3
fi=(74)
-95 7
+3 2
fe=(24)

fn=(86)
42 8
+2 16

fn=(68)
53 3
+3 8
+5 1
-5 1
+5 1
+1 1
-6 1
+8 1

fl=(66)
fn=(220) _dl_cache_libcmp
357 11
+1 11
+32 11
-33 11
+1 24
+2 54
+2 54
-2 108
+20 106
+2 106
-12 43
+2 43
+14 43
+1 43
-29 86
+32 3
-28 2
+6 1
+2 1
-2 1
+1 1
-1 1
+1 1
-1 1
+2 3
+2 1
-3 1
+3 3
+2 2
+9 30

fn=(212)
403 10
+2 2
+3 3
+74 1
205 1
482 2
+3 3
fi=(68) ./elf/../sysdeps/x86/dl-procinfo.h
39 2
+3 3
cfi=(32)
cfn=(94)
calls=1 +56 
* 25
* 4
fe=(66)
208 6
cfi=(11)
cfn=(28)
calls=1 387 
* 23
* 1
+12 1
-10 1
-2 1
+12 2
-7 5
+9 5
+1 1
-32 2
+36 1
-4 1
+4 2
-5 45
+1 9
-32 18
+36 9
-4 9
+4 18
+4 30
cfn=(220)
calls=10 357 
* 733
+1 20
346 9
+3 4
220 8
347 5
220 12
+2 10
+20 2
+3 2
+2 4
cfn=(220)
calls=1 357 
* 73
* 2
-7 2
-30 3
+1 1
fi=(236) ./elf/../sysdeps/x86/dl-isa-level.h
28 2
fe=(66)
210 2
fi=(236)
28 1
fe=(66)
210 1
+1 1
-1 3
+76 3
fi=(236)
28 3
fe=(66)
259 2
+10 3
+1 4
+16 1
fi=(67) ./elf/../sysdeps/generic/dl-cache.h
125 1
fe=(66)
286 3
+9 2
+3 2
+3 1
+1 3
+28 2
500 2
+12 2
cfi=(22)
cfn=(62)
calls=1 57 
* 35
+1 1
-1 1
+1 12
+1 1
-1 1
+1 1
-1 1
+1 1
cfi=(29)
cfn=(82)
calls=1 210 
* 11
* 1
+1 1
cfi=(43)
cfn=(136)
calls=1 40 
* 95
+1 8
411 4
cfi=(51)
cfn=(214)
calls=1 36 
* 103
* 1
+8 5
+1 8
+3 3
+1 1
-1 3
fi=(67)
194 1
+1 5
fe=(66)
431 1
+1 2

fn=(482)
525 1
+1 4
-1 1
+3 1
-3 1
+3 1
cfi=(139)
cfn=(484)
calls=1 117 
* 6
+7 1
-6 1
+4 1
+2 1

fl=(45)
fn=(438)
523 11
+1 2
+4 1
+6 1
-6 1
+6 1
cfi=(24)
cfn=(86)
calls=1 42 
* 3
+3 3
+12 1
-18 1
+42 3
-19 12
+9 3
+1 2
+6 3
+3 1
-2 1
+2 1
-2 1
+2 4
+4 1
-4 1
+4 1
-1 2
+4 2
+1 4
+2 2
+1 2
+17 1
-8 1
+8 1
+2 4
cfi=(29)
cfn=(124)
calls=1 197 
* 13
* 6
cfi=(42)
cfn=(128)
calls=1 132 
* 25
-49 1
+55 1
-55 4
+6 5
+55 2
cfi=(24)
cfn=(86)
calls=1 42 
* 3
+3 2
+3 9

fn=(246)
97 2
+3 1
-3 3
+3 1
-3 1
+3 1
-3 1
+3 1
-3 1
+3 1
cfi=(11)
cfn=(28)
calls=1 387 
* 23
* 1
+1 4
cfi=(11)
cfn=(28)
calls=1 387 
* 23
+1 1
+2 1
-3 1
+1 2
+2 3
+3 1
+2 1
-26 3
+28 3
+1 6

fn=(436)
1017 8
+9 1
-9 1
+6 1
+4 1
+4 3
+34 2
+3 2
+1 3
+3 6

fn=(248)
216 9
+6 4
+3 2
+36 3
+2 1
-2 1
-2 1
-40 1
-1 1
-1 1
+46 2
+23 3
+3 1
-3 5
+2 2
+6 1
-33 2
+20 1
-20 5
+2 2
+3 1
-1 1
+5 2
-5 1
+1 1
-1 1
+3 2
+2 3
+32 2
-1 1
+53 1
-52 5
+2 2
+51 8

fn=(250)
417 7
+2 1
+11 1
+1 1
fi=(28)
56 1
cfi=(27)
cfn=(78)
calls=1 -20 
* 85
fe=(45)
432 2
+8 3
fi=(28)
44 1
fe=(45)
440 2
+5 1
-5 1
+1 1
+4 304
+19 1
-99 1
+4 1
+1 1
fi=(28)
44 1
cfi=(27)
cfn=(74)
calls=1 +36 
* 41
fe=(45)
371 2
+3 1
+6 2
+90 7

fn=(144)
192 1
+2 2
+1 1
+15 2

fn=(224)
125 1
+16 1
-13 1
-3 3
+3 1
+55 1
-2 1
+5 1
+1 2

ob=(5)
fl=(160)
fn=(532)
0 12

fn=(520)
0 12
cob=(2)
cfi=(161)
cfn=(522)
calls=1 242 
0 385647643

fl=(167)
fn=(678) aggiungi_ordine
273 6069
+1 867
+2 2601
cfn=(644) ricerca_pseudo_binaria
calls=867 650 
* 377250
* 867
+3 6912
cob=(3)
cfi=(152)
cfn=(662)
calls=863 0 
* 19319
* 1726
+1 1099
cob=(3)
cfi=(152)
cfn=(666)
calls=157 0 
* 16799
+1 157
+4 1420
cob=(3)
cfi=(152)
cfn=(646)
calls=710 0 
* 123705
* 710
+2 2130
+1 2130
+1 1420
+1 2130
+4 2130
+1 2
+1 3
+2 2127
+1 1418
+1 1418
+4 3545
+2 4963
cob=(3)
cfi=(152)
cfn=(666)
calls=709 0 
* 76288
-2 5
+2 7
cob=(3)
cfi=(152)
cfn=(666)
calls=1 0 
* 107
+1 3550
cfn=(686) prepara_ordini
calls=710 +3 
* 418461
+1 1734

fn=(686)
310 5523
+1 1578
+1 789
+1 4418
+2 710
+1 64038
+1 64038
+2 21346
+3 21346
+1 2222826
+1 1852355
+1 21046
+1 21046
+3 1048275
-7 741542
+10 42692
+3 900
+2 300
+1 102528
+2 51264
+1 34176
+1 51264
+1 17088
+1 85500
+1 13143
+2 30667
+1 8762
+1 13143
+1 13143
+1 13143
cob=(3)
cfi=(152)
cfn=(698)
calls=4381 0 
* 463668
* 4381
+2 101964
+1 101964
+1 16994
-12 153836
+17 51264
-23 34776
+27 600
+4 1200
+4 600
cob=(3)
cfi=(152)
cfn=(646)
calls=300 0 
* 26425
* 300
+2 1200
+1 1200
+1 2100
+1 1200
+1 600
+2 2694
+1 6
+1 6
+2 596
+1 298
+1 114948
-1 424026
+3 1192
+1 894
+3 600
+3 1200
+3 900
cob=(3)
cfi=(152)
cfn=(698)
calls=300 0 
* 26100
+1 968
+1 600
+1 1200
+6 42092
+1 63138
-93 44270
+96 3156

fn=(620) trim_newline
626 5020
+1 3012
cob=(3)
cfi=(152)
cfn=(622)
calls=1004 0 
* 58443
* 1004
+1 10040
+3 3012

fn=(644)
650 4625
+1 1850
+1 925
+1 5550
+2 925
+1 3488
+1 1744
+3 1744
+1 31520
+1 47280
+1 15760
-3 84048
+7 12506
cob=(3)
cfi=(152)
cfn=(662)
calls=1503 0 
* 35245
* 3006
+1 8330
+3 1108
-16 10674
+21 924
+1 3826
+1 5739
-2 22674
cob=(3)
cfi=(152)
cfn=(662)
calls=2833 0 
* 64047
* 5666
+5 7370
cob=(3)
cfi=(152)
cfn=(662)
calls=920 0 
* 20899
* 1840
+1 410
+2 720
+1 1850

fn=(642) aggiungi_ricetta
207 348
+2 174
cfn=(644)
calls=58 650 
* 29043
* 58
+1 116
+1 58
+2 440
cob=(3)
cfi=(152)
cfn=(662)
calls=54 0 
* 1217
* 108
+1 119
cob=(3)
cfi=(152)
cfn=(666)
calls=17 0 
* 1819
+1 17
+3 82
cob=(3)
cfi=(152)
cfn=(646)
calls=41 0 
* 18089
* 41
+1 246
cob=(3)
cfi=(152)
cfn=(648)
calls=41 0 
* 1029
+1 82
+1 123
+1 123
+5 41
+1 82
+1 4578
cob=(3)
cfi=(152)
cfn=(646)
calls=2289 0 
* 330298
* 2289
+1 20601
cob=(3)
cfi=(152)
cfn=(652)
calls=2289 0 
* 311764
* 4578
+1 4578
+1 16023
+4 18312
cfn=(658) punt_ingrediente
calls=2289 724 
* 28932487
* 2289
+6 6867
+3 4578
+1 164
+2 6744
+2 4496
-22 20232
+22 82
-22 697
+26 82
+1 12
+1 12
+1 9
+2 12
+2 148
+1 111
+1 148
+1 136
+2 102
+3 102
+1 238
cob=(3)
cfi=(152)
cfn=(666)
calls=34 0 
* 3638
-4 9
+3 9
+1 21
cob=(3)
cfi=(152)
cfn=(666)
calls=3 0 
* 321
-1 12
+1 28
cob=(3)
cfi=(152)
cfn=(666)
calls=4 0 
* 847
+1 116

fn=(552) read_line_unlocked
633 6030
+1 2010
+1 1005
+3 1005
cob=(3)
cfi=(152)
cfn=(554)
calls=1005 0 
* 14143
* 506830
cob=(3)
cfi=(152)
cfn=(554)
calls=506830 0 
* 6101025
* 1523505
+1 1015670
+1 2027320
+1 3040980
+1 506830
-4 506830
+1 2010
+6 5025
+2 1005
+1 2010

fn=(618) verifica_scadenze
466 5025
+1 2010
+2 1005
+1 1867851
+1 622617
+1 2865740
+1 8
+1 3
+1 5
+1 3
cob=(3)
cfi=(152)
cfn=(698)
calls=1 0 
* 493
-5 2539937
+8 573147
+2 1719441
-12 1146294
+12 148407
-12 100948
+15 4016

fn=(688) rifornisci
413 21014
+1 474
cob=(3)
cfi=(152)
cfn=(626)
calls=79 0 
* 10191
* 79
+2 79
+2 79
+1 253596
+1 63399
+1 253596
cob=(3)
cfi=(152)
cfn=(626)
calls=63399 0 
* 7646787
* 63399
-3 126956
+5 237
+2 158
+1 84532
+1 126798
cob=(3)
cfi=(152)
cfn=(652)
calls=21133 0 
* 3151908
* 21133
+1 126798
cob=(3)
cfi=(152)
cfn=(652)
calls=21133 0 
* 4142068
* 21133
+2 63399
cfn=(658)
calls=21133 724 
* 262618405
* 21133
+3 84532
+1 21133
+1 240316
+1 360474
-2 835194
+6 114246
+2 1788
+1 2086
+4 41670
cob=(3)
cfi=(152)
cfn=(646)
calls=20835 0 
* 3594506
* 20835
+2 125010
+1 62505
+1 62505
+2 41670
+1 20224
+1 20224
+3 63116
+1 47337
-34 127193
+38 237
cob=(3)
cfi=(152)
cfn=(690)
calls=79 0 
* 12166
+1 474

fn=(550)
105 264
+2 69
+1 2
+6 4
cfn=(552)
calls=1 633 
* 2480
* 2
+1 2
+1 6
cob=(3)
cfi=(152)
cfn=(608)
calls=1 0 
* 176
* 1
+1 6
cob=(3)
cfi=(152)
cfn=(608)
calls=1 0 
* 235
* 1
+2 5
cob=(3)
cfi=(152)
cfn=(614)
calls=1 0 
* 32787
+3 2
+4 1
+3 3
cfn=(618)
calls=1 466 
* 14
* 3012
cfn=(618)
calls=1004 466 
* 11596936
+4 2008
+1 5
cfn=(714) carica_furgone
calls=1 528 
* 1053398
+1 2
+1 2
+2 1003
+8 4012
cfn=(552)
calls=1003 633 
* 15260146
* 4
cfn=(552)
calls=1 633 
* 607
* 2008
+3 3012
cfn=(620)
calls=1004 626 
* 80531
+3 5020
+1 348
cob=(3)
cfi=(152)
cfn=(626)
calls=58 0 
* 6554
* 58
+5 58
+2 116
+1 232
cob=(3)
cfi=(152)
cfn=(626)
calls=58 0 
* 7598
* 58
+1 58
+1 27304
+1 6826
+1 27304
cob=(3)
cfi=(152)
cfn=(626)
calls=6826 0 
* 820022
* 6826
-3 27420
+6 174
+2 290
cfn=(642)
calls=58 +37 
* 29751225
* 58
+4 4730
+6 4730
+1 5202
cob=(3)
cfi=(152)
cfn=(626)
calls=867 0 
* 108323
* 867
+1 3468
cob=(3)
cfi=(152)
cfn=(626)
calls=867 0 
* 103563
* 867
+1 3468
+4 2601
cob=(3)
cfi=(152)
cfn=(652)
calls=867 0 
* 102932
* 867
+1 5202
cfn=(678)
calls=867 +85 
* 1083069
* 867
+4 395
+1 395
cfn=(688)
calls=79 413 
* 284716792
+1 316
cfn=(686)
calls=79 310 
* 7843284
+5 1004
+1 5020
cob=(3)
cfi=(152)
cfn=(614)
calls=1004 0 
* 32918148
-71 1004

fn=(714)
528 6
+1 2
+1 1
+1 2
+5 1800
+5 600
cob=(3)
cfi=(152)
cfn=(646)
calls=300 0 
* 56700
* 300
+2 1500
+1 2100
cob=(3)
cfi=(152)
cfn=(648)
calls=300 0 
* 7608
+1 1200
+1 1200
+1 1200
+1 600
+33 900
+1 1196
-1 598
+2 1180
-1 590
+1 282
+2 15
+1 15
+3 885
+1 295
+3 53506
+1 80259
-4 54096
+1 108168
-1 54084
+2 16568
-1 8284
+1 23118
+5 885
+1 590
+3 885
+6 885
+1 590
+1 885
+1 885
cob=(3)
cfi=(152)
cfn=(698)
calls=295 0 
* 31753
-3 15
+1 10
+1 15
+1 15
cob=(3)
cfi=(152)
cfn=(698)
calls=5 0 
* 498
-75 603
+80 2
+1 1
+1 3900
cob=(3)
cfi=(152)
cfn=(716)
calls=300 0 
* 451676
+1 600
+1 900
+1 900
cob=(3)
cfi=(152)
cfn=(698)
calls=300 0 
* 77440
-4 602
+6 1
+1 2
+1 2

fn=(660) ricerca_pseudo_binaria_ingr
687 117110
+1 46844
+1 23422
+1 140532
+2 23422
+1 481694
+1 240847
+3 240847
+1 49575292
+1 74362938
+1 24787646
-3 124661499
+7 1867262
cob=(3)
cfi=(152)
cfn=(662)
calls=230928 0 
* 5908589
* 461856
+1 1091195
+3 169924
-16 1057074
+21 23421
+1 152986
+1 229479
-2 799284
cob=(3)
cfi=(152)
cfn=(662)
calls=99909 0 
* 2588483
* 199818
+5 187340
cob=(3)
cfi=(152)
cfn=(662)
calls=23416 0 
* 608466
* 46832
+1 2084
+2 22380
+1 46844

fn=(658)
724 117110
+2 70266
cfn=(660)
calls=23422 -39 
* 290165410
* 23422
+5 46844
+1 4
cob=(3)
cfi=(152)
cfn=(646)
calls=2 0 
* 378
* 2
+1 4
+5 6
+1 2
+1 6
cob=(3)
cfi=(152)
cfn=(648)
calls=1 0 
* 25
* 1
+3 3
+1 2
+1 6
cob=(3)
cfi=(152)
cfn=(648)
calls=1 0 
* 25
+2 6
+1 4
+4 140520
cob=(3)
cfi=(152)
cfn=(662)
calls=23420 0 
* 609087
* 91664
+4 2016
cob=(3)
cfi=(152)
cfn=(646)
calls=1008 0 
* 193677
* 1008
+2 4032
+1 3024
+1 6048
cob=(3)
cfi=(152)
cfn=(648)
calls=1008 0 
* 25414
+1 3024
+1 1008
+2 46844

totals: 385802833
